new crir
new task..............,hasoto,0
0,"['A025', '0']"
0,5,"['B2413', '46']"
5,1,25,"['B4612', '61']"
31,7,28,"['A025', '0']"
new task..............,hasoto,0
66,"['A025', '0']"
66,14,"['B0848', '39']"
80,1,24,"['B4147', '34']"
105,2,22,"['B4025', '66']"
129,15,29,"['A025', '0']"
new task..............,hasoto,1
173,"['A025', '0']"
173,9,"['B5356', '32']"
182,1,22,"['B0917', '36']"
205,1,23,"['B4748', '49']"
229,5,26,"['S396', '2', 212, 289]"
260,13,"['B2661', '-2', 302]"
273,11,9,"['S357', '3', 233, 318]"
293,5,"['B7033', '-3', 323]"
298,6,10,"['S361', '2', 245, 325]"
314,10,"['B7978', '-2', 335]"
324,9,9,"['S439', '1', 277, 365]"
342,2,"['B1930', '-1', 367]"
344,13,8,"['S361', '1', 283, 365]"
365,8,"['B2029', '-1', 373]"
373,8,8,"['S354', '1', 319, 405]"
389,4,"['B5294', '-1', 409]"
393,5,8,"['S352', '1', 362, 451]"
406,1,"['B2057', '-1', 452]"
407,16,8,"['S439', '2', 347, 434]"
431,3,"['B0019', '-2', 437]"
434,10,9,"['S387', '2', 368, 453]"
453,5,"['B1585', '-2', 458]"
458,7,9,"['S361', '4', 399, 481]"
474,8,"['B6510', '-4', 489]"
482,5,11,"['S399', '1', 411, 499]"
498,2,"['B8455', '-1', 501]"
500,25,8,"['S368', '1', 498, 579]"
533,9,"['B3144', '-1', 588]"
542,10,8,"['S352', '2', 504, 589]"
560,5,"['B2267', '-2', 594]"
565,14,9,"['S439', '1', 533, 615]"
588,8,"['B6289', '-1', 623]"
596,13,8,"['S396', '2', 564, 637]"
617,17,"['B0890', '-2', 654]"
634,7,9,"['S441', '12', 620, 702]"
650,8,"['B1997', '-12', 710]"
658,8,15,"['S439', '1', 615, 702]"
681,3,"['B2071', '-1', 705]"
684,7,8,"['S399', '2', 622, 708]"
699,4,"['B6423', '-2', 712]"
703,6,9,"['A025', '0']"
91,878
new crir
new task..............,hasoto,0
0,"['A025', '0']"
0,11,"['B8271', '29']"
11,1,21,"['B0910', '37']"
33,1,23,"['B4503', '30']"
57,2,21,"['B0414', '39']"
80,9,24,"['A025', '0']"
new task..............,hasoto,0
113,"['A025', '0']"
113,14,"['B8100', '33']"
127,2,22,"['B1547', '38']"
151,1,23,"['B6294', '40']"
175,12,24,"['A025', '0']"
new task..............,hasoto,1
211,"['A025', '0']"
211,8,"['B1529', '54']"
219,2,27,"['S396', '1', 212, 286]"
248,16,"['B7912', '-1', 302]"
264,14,8,"['S361', '2', 253, 337]"
286,6,"['B8355', '-2', 343]"
292,8,9,"['S352', '1', 253, 338]"
309,5,"['B5294', '-1', 343]"
314,5,8,"['S352', '1', 247, 327]"
327,10,"['B5155', '-1', 337]"
337,5,8,"['S368', '1', 267, 354]"
350,3,"['B1309', '-1', 357]"
353,3,8,"['S368', '4', 288, 370]"
364,8,"['B5534', '-4', 378]"
372,11,11,"['B7903', '36']"
394,1,23,"['B6772', '48']"
418,5,26,"['S361', '3', 363, 450]"
449,3,"['B1560', '-3', 453]"
452,4,10,"['S354', '1', 414, 500]"
466,4,"['B5294', '-1', 504]"
470,7,8,"['A025', '0']"
92,675
new crir
new task..............,hasoto,0
0,"['A025', '0']"
0,9,"['B5188', '46']"
9,2,25,"['B8306', '15']"
36,3,17,"['B6626', '22']"
56,2,19,"['B5559', '23']"
77,1,19,"['B0702', '28']"
97,9,21,"['A025', '0']"
new task..............,hasoto,0
127,"['A025', '0']"
127,6,"['B2657', '73']"
133,1,31,"['B0087', '47']"
165,5,26,"['A025', '0']"
new task..............,hasoto,1
196,"['A025', '0']"
196,7,"['B0583', '33']"
203,11,22,"['S396', '3', 229, 275]"
236,44,"['B4176', '-3', 319]"
280,44,10,"['S396', '1', 294, 371]"
334,13,"['B6289', '-1', 384]"
347,17,8,"['S361', '2', 296, 383]"
372,3,"['B4961', '-2', 386]"
375,8,9,"['S396', '4', 363, 394]"
392,59,"['B5187', '-4', 453]"
451,59,11,"['S396', '5', 518, 571]"
521,37,"['B0655', '-5', 608]"
558,30,12,"['B4391', '35']"
600,1,23,"['B7033', '46']"
624,8,25,"['A025', '0']"
93,770
new crir
new task..............,hasoto,0
0,"['A025', '0']"
0,6,"['B1249', '34']"
6,1,22,"['B8808', '23']"
29,3,19,"['B2267', '32']"
51,4,22,"['A025', '0']"
new task..............,hasoto,0
77,"['A025', '0']"
77,9,"['B2220', '47']"
86,1,26,"['B7462', '50']"
113,2,26,"['B0418', '12']"
141,2,15,"['B5294', '20']"
158,7,18,"['A025', '0']"
new task..............,hasoto,1
183,"['A025', '0']"
183,2,"['B1560', '38']"
185,1,23,"['B4320', '59']"
209,6,28,"['S396', '2', 233, 273]"
243,50,"['B6415', '-2', 323]"
293,58,9,"['S368', '3', 306, 389]"
360,7,"['B4025', '-3', 396]"
367,7,10,"['S368', '3', 305, 390]"
384,5,"['B7841', '-3', 395]"
389,6,10,"['S396', '2', 378, 422]"
405,46,"['B6322', '-2', 468]"
451,39,9,"['A025', '0']"
new task..............,hasoto,1
239,"['A025', '0']"
239,4,"['B3350', '36']"
243,1,23,"['B5427', '49']"
267,1,26,"['B8355', '25']"
294,15,20,"['S368', '1', 257, 341]"
329,6,"['B7641', '-1', 347]"
335,4,8,"['S396', '2', 332, 356]"
347,66,"['B0476', '-2', 422]"
413,66,9,"['S396', '1', 454, 488]"
488,56,"['B3377', '-1', 544]"
544,48,8,"['A025', '0']"
94,720
new crir
new task..............,hasoto,0
0,"['A025', '0']"
0,8,"['B5109', '27']"
8,2,21,"['B3516', '23']"
31,3,19,"['B1095', '23']"
53,1,19,"['B7514', '24']"
73,2,20,"['B3879', '29']"
95,5,21,"['A025', '0']"
new task..............,hasoto,0
121,"['A025', '0']"
121,7,"['B6319', '68']"
128,1,30,"['B2140', '30']"
159,7,21,"['A025', '0']"
new task..............,hasoto,0
187,"['A025', '0']"
187,5,"['B5613', '27']"
192,1,21,"['B3304', '22']"
214,3,19,"['B2557', '44']"
236,3,25,"['A025', '0']"
new task..............,hasoto,1
264,"['A025', '0']"
264,11,"['B8869', '37']"
275,7,23,"['S396', '2', 301, 325]"
305,66,"['B0476', '-2', 391]"
371,66,9,"['S396', '3', 417, 469]"
446,38,"['B7314', '-3', 507]"
484,38,10,"['S396', '3', 529, 557]"
532,62,"['B3081', '-3', 619]"
594,67,10,"['B2565', '26']"
671,1,20,"['B7841', '32']"
692,10,22,"['A025', '0']"
95,854
new crir
new task..............,hasoto,0
0,"['A025', '0']"
0,11,"['B4150', '19']"
11,1,18,"['B6445', '27']"
30,2,21,"['B9143', '34']"
53,1,22,"['B8611', '34']"
76,14,22,"['A025', '0']"
new task..............,hasoto,0
112,"['A025', '0']"
112,9,"['B1377', '60']"
121,1,28,"['B7050', '40']"
150,10,24,"['A025', '0']"
new task..............,hasoto,1
184,"['A025', '0']"
184,13,"['B7629', '34']"
197,2,22,"['B9067', '43']"
221,2,25,"['B1434', '29']"
248,2,21,"['B2556', '30']"
271,7,21,"['S396', '2', 272, 300]"
299,62,"['B2160', '-2', 362]"
361,55,9,"['A025', '0']"
new task..............,hasoto,1
306,"['A025', '0']"
306,2,"['B5428', '34']"
308,10,22,"['S396', '2', 334, 377]"
340,47,"['B4195', '-2', 424]"
387,43,9,"['B5777', '33']"
439,1,22,"['B7226', '58']"
462,3,28,"['A025', '0']"
96,693
new crir
new task..............,hasoto,0
0,"['A025', '0']"
0,10,"['B7221', '24']"
10,1,20,"['B1292', '61']"
31,1,28,"['B7784', '40']"
60,12,24,"['A025', '0']"
new task..............,hasoto,0
96,"['A025', '0']"
96,2,"['B4961', '52']"
98,1,27,"['B8730', '39']"
126,2,24,"['B1417', '47']"
152,2,26,"['A025', '0']"
new task..............,hasoto,1
180,"['A025', '0']"
180,14,"['B4123', '60']"
194,1,28,"['B6054', '35']"
223,1,23,"['B0951', '14']"
247,13,16,"['S396', '2', 272, 302]"
276,60,"['B5311', '-2', 362]"
336,52,9,"['A025', '0']"
new task..............,hasoto,1
276,"['A025', '0']"
276,17,"['B8406', '32']"
293,1,22,"['B3013', '34']"
316,9,22,"['S396', '1', 346, 368]"
347,68,"['B4023', '-1', 436]"
415,76,8,"['B5420', '64']"
499,15,29,"['A025', '0']"
97,659
new crir
new task..............,hasoto,0
0,"['A025', '0']"
0,14,"['B7773', '37']"
14,1,23,"['B8894', '60']"
38,1,28,"['B4920', '30']"
67,12,21,"['A025', '0']"
new task..............,hasoto,0
100,"['A025', '0']"
100,4,"['B2057', '70']"
104,1,30,"['B7219', '29']"
135,2,21,"['B6023', '30']"
158,7,21,"['A025', '0']"
new task..............,hasoto,0
186,"['A025', '0']"
186,4,"['B9122', '26']"
190,1,20,"['B3068', '41']"
211,3,24,"['B2597', '11']"
238,2,15,"['B7049', '24']"
255,2,20,"['B3871', '32']"
277,4,22,"['A025', '0']"
new task..............,hasoto,0
303,"['A025', '0']"
303,10,"['B5155', '41']"
313,1,24,"['B6298', '45']"
338,2,25,"['B2196', '42']"
365,8,24,"['A025', '0']"
new task..............,hasoto,0
397,"['A025', '0']"
397,16,"['B4545', '39']"
413,1,24,"['B8507', '30']"
438,1,21,"['B7966', '17']"
460,1,17,"['B1881', '51']"
478,16,26,"['A025', '0']"
new task..............,hasoto,0
520,"['A025', '0']"
520,12,"['B9112', '47']"
532,1,26,"['B5165', '30']"
559,2,21,"['B6694', '47']"
582,10,26,"['A025', '0']"
new task..............,hasoto,0
618,"['A025', '0']"
618,3,"['B7303', '53']"
621,1,27,"['B5636', '60']"
649,4,28,"['A025', '0']"
98,681
new crir
new task..............,hasoto,0
0,"['A025', '0']"
0,5,"['B0211', '43']"
5,1,25,"['B3582', '69']"
31,6,30,"['A025', '0']"
new task..............,hasoto,0
67,"['A025', '0']"
67,4,"['B9170', '61']"
71,1,28,"['B3973', '20']"
100,2,18,"['B6510', '8']"
120,4,13,"['B0331', '37']"
137,3,23,"['A025', '0']"
new task..............,hasoto,0
163,"['A025', '0']"
163,6,"['B6423', '47']"
169,1,26,"['B3509', '38']"
196,1,23,"['B1585', '49']"
220,6,26,"['A025', '0']"
new task..............,hasoto,0
252,"['A025', '0']"
252,14,"['B0263', '41']"
266,1,24,"['B7644', '34']"
291,1,22,"['B7595', '55']"
314,13,27,"['A025', '0']"
new task..............,hasoto,0
354,"['A025', '0']"
354,14,"['B5781', '37']"
368,1,23,"['B3669', '39']"
392,1,24,"['B5354', '41']"
417,14,24,"['A025', '0']"
new task..............,hasoto,1
455,"['A025', '0']"
455,12,"['B0517', '30']"
467,2,21,"['B4041', '45']"
490,3,25,"['B5837', '35']"
518,7,23,"['S396', '1', 538, 569]"
548,59,"['B0338', '-1', 628]"
607,53,8,"['A025', '0']"
99,1008
new crir
new task..............,hasoto,0
0,"['A025', '0']"
0,10,"['B3175', '46']"
10,1,25,"['B8485', '45']"
36,1,25,"['B7978', '32']"
62,9,22,"['A025', '0']"
new task..............,hasoto,0
93,"['A025', '0']"
93,8,"['B4091', '35']"
101,1,23,"['B1175', '47']"
125,2,26,"['B8528', '32']"
153,7,22,"['A025', '0']"
new task..............,hasoto,0
182,"['A025', '0']"
182,7,"['B1384', '11']"
189,2,15,"['B0437', '47']"
206,2,26,"['B8116', '35']"
234,3,23,"['B6615', '28']"
260,2,21,"['B7673', '12']"
283,7,15,"['A025', '0']"
new task..............,hasoto,0
305,"['A025', '0']"
305,4,"['B7134', '30']"
309,1,21,"['B6515', '39']"
331,1,24,"['B2579', '36']"
356,2,23,"['B5192', '27']"
381,5,21,"['A025', '0']"
new task..............,hasoto,0
407,"['A025', '0']"
407,4,"['B2686', '24']"
411,2,20,"['B9056', '30']"
433,1,21,"['B0468', '48']"
455,1,26,"['A025', '0']"
new task..............,hasoto,1
482,"['A025', '0']"
482,11,"['B2894', '51']"
493,1,26,"['B1457', '31']"
520,2,22,"['B7151', '44']"
544,8,25,"['S396', '2', 556, 594]"
577,52,"['B8003', '-2', 646]"
629,45,9,"['A025', '0']"
100,1061
new crir
new task..............,hasoto,0
0,"['A025', '0']"
0,3,"['B6464', '45']"
3,1,25,"['B2197', '50']"
29,2,26,"['A025', '0']"
new task..............,hasoto,0
57,"['A025', '0']"
57,12,"['B3365', '45']"
69,1,25,"['B7641', '44']"
95,2,25,"['B0864', '47']"
122,12,26,"['A025', '0']"
new task..............,hasoto,0
160,"['A025', '0']"
160,12,"['B3898', '19']"
172,1,18,"['B6202', '37']"
191,2,23,"['B0494', '73']"
216,15,31,"['A025', '0']"
new task..............,hasoto,0
262,"['A025', '0']"
262,9,"['B4537', '35']"
271,1,23,"['B5302', '37']"
295,1,23,"['B1924', '37']"
319,7,23,"['A025', '0']"
new task..............,hasoto,0
349,"['A025', '0']"
349,8,"['B2714', '55']"
357,1,27,"['B8029', '51']"
385,8,26,"['A025', '0']"
new task..............,hasoto,0
419,"['A025', '0']"
419,12,"['B6534', '40']"
431,1,24,"['B3505', '44']"
456,1,25,"['B8833', '37']"
482,13,23,"['A025', '0']"
new task..............,hasoto,1
518,"['A025', '0']"
518,0,"['B4756', '53']"
518,1,27,"['B6360', '56']"
546,7,27,"['S396', '3', 558, 596]"
580,52,"['B7279', '-3', 648]"
632,45,10,"['A025', '0']"
101,1092
