new crir
new task..............,hasoto,0
0,"['A037', '0']"
0,22,"['B7035', '42']"
22,2,24,"['B0158', '28']"
48,1,21,"['B4985', '31']"
70,2,22,"['B3728', '8']"
94,2,13,"['B5896', '11']"
109,28,15,"['A037', '0']"
new task..............,hasoto,1
152,"['A037', '0']"
152,7,"['B1513', '33']"
159,1,22,"['B8036', '33']"
182,4,22,"['B7046', '12']"
208,6,15,"['B6642', '6']"
229,2,12,"['B7334', '24']"
243,10,20,"['S243', '2', 212, 297]"
273,5,"['B0340', '-2', 302]"
278,7,9,"['S291', '1', 210, 296]"
294,4,"['B6559', '-1', 300]"
298,4,8,"['S291', '1', 252, 341]"
310,1,"['B7351', '-1', 342]"
311,1,8,"['S291', '1', 240, 328]"
320,2,"['B8716', '-1', 330]"
322,13,8,"['S243', '2', 271, 356]"
343,5,"['B0752', '-2', 361]"
348,16,9,"['S138', '1', 285, 374]"
373,1,"['B4390', '-1', 375]"
374,1,8,"['S134', '3', 364, 453]"
383,1,"['B4390', '-3', 454]"
384,1,10,"['S138', '2', 393, 481]"
395,2,"['B0657', '-2', 483]"
397,13,9,"['S236', '2', 407, 496]"
419,1,"['B7177', '-2', 497]"
420,1,9,"['S231', '3', 392, 481]"
430,1,"['B7177', '-3', 482]"
431,5,10,"['S191', '1', 421, 510]"
446,1,"['B4369', '-1', 511]"
447,11,8,"['S139', '2', 420, 509]"
466,1,"['B4390', '-2', 510]"
467,1,9,"['S134', '1', 414, 503]"
477,1,"['B4390', '-1', 504]"
478,16,8,"['S261', '5', 442, 521]"
502,11,"['B9020', '-5', 532]"
513,6,12,"['S253', '2', 513, 598]"
531,5,"['B0340', '-2', 603]"
536,1,9,"['S261', '6', 528, 606]"
546,12,"['B0265', '-6', 618]"
558,7,12,"['S253', '2', 509, 594]"
577,5,"['B0340', '-2', 599]"
582,8,9,"['S204', '2', 549, 632]"
599,7,"['B0357', '-2', 639]"
606,11,9,"['S134', '4', 537, 626]"
626,1,"['B4390', '-4', 627]"
627,1,11,"['S134', '2', 582, 671]"
639,1,"['B2688', '-2', 672]"
640,1,9,"['S138', '2', 592, 681]"
650,1,"['B3934', '-2', 682]"
651,1,9,"['S137', '5', 580, 664]"
661,6,"['B0047', '-5', 670]"
667,10,12,"['B4456', '30']"
689,1,21,"['A037', '0']"
167,852
new crir
new task..............,hasoto,0
0,"['A037', '0']"
0,10,"['B7968', '21']"
10,1,19,"['B6146', '23']"
30,2,19,"['B8755', '17']"
51,3,17,"['B0047', '38']"
71,1,23,"['B4971', '34']"
95,8,22,"['A037', '0']"
new task..............,hasoto,1
125,"['A037', '0']"
125,15,"['B4385', '29']"
140,2,21,"['B1514', '11']"
163,2,15,"['B5050', '7']"
180,2,13,"['B6956', '4']"
195,2,11,"['B8548', '10']"
208,2,14,"['B3298', '13']"
224,2,16,"['B4469', '23']"
242,2,19,"['B6485', '8']"
263,17,13,"['S240', '2', 221, 304]"
293,7,"['B3873', '-2', 311]"
300,21,9,"['S138', '1', 286, 375]"
330,1,"['B4390', '-1', 376]"
331,1,8,"['S137', '3', 274, 355]"
340,9,"['B1513', '-3', 364]"
349,14,10,"['B0778', '7']"
373,7,13,"['A037', '0']"
new task..............,hasoto,1
299,"['A037', '0']"
299,12,"['B7351', '11']"
311,23,15,"['S138', '2', 278, 354]"
349,14,"['B0423', '-2', 368]"
363,27,9,"['B0942', '46']"
399,1,25,"['B2372', '7']"
425,1,13,"['B4873', '64']"
439,10,29,"['A037', '0']"
168,705
new crir
new task..............,hasoto,0
0,"['A037', '0']"
0,4,"['B4650', '54']"
4,4,27,"['A037', '0']"
new task..............,hasoto,0
35,"['A037', '0']"
35,11,"['B4369', '41']"
46,1,24,"['B6235', '49']"
71,2,26,"['B3555', '42']"
99,12,24,"['A037', '0']"
new task..............,hasoto,1
135,"['A037', '0']"
135,19,"['B5924', '24']"
154,3,20,"['B6031', '19']"
177,2,18,"['B1817', '58']"
197,2,28,"['B3755', '29']"
227,13,21,"['S168', '2', 232, 318]"
261,4,"['B8706', '-2', 322]"
265,11,9,"['S138', '2', 237, 326]"
285,1,"['B4390', '-2', 327]"
286,1,9,"['S139', '4', 235, 324]"
296,1,"['B4390', '-4', 325]"
297,12,11,"['A037', '0']"
new task..............,hasoto,0
267,"['A037', '0']"
267,7,"['B8800', '9']"
274,2,14,"['B1864', '16']"
290,3,17,"['B4130', '9']"
310,2,14,"['B9021', '3']"
326,3,10,"['B2522', '15']"
339,1,17,"['B6126', '11']"
357,1,15,"['B6241', '13']"
373,3,16,"['B4227', '14']"
392,2,16,"['B0357', '24']"
410,3,20,"['A037', '0']"
new task..............,hasoto,1
433,"['A037', '0']"
433,22,"['B3255', '56']"
455,1,27,"['B5807', '25']"
483,1,20,"['B0930', '2']"
504,2,9,"['B7546', '9']"
515,2,14,"['B3718', '10']"
531,4,14,"['B2457', '8']"
549,5,13,"['B8353', '12']"
567,19,15,"['S204', '2', 553, 637]"
601,6,"['B8706', '-2', 643]"
607,11,9,"['S134', '3', 550, 638]"
627,2,"['B0657', '-3', 640]"
629,13,10,"['S247', '1', 605, 692]"
652,3,"['B0340', '-1', 695]"
655,7,8,"['S291', '2', 582, 671]"
670,1,"['B7351', '-2', 672]"
671,1,9,"['S291', '4', 608, 697]"
681,1,"['B4861', '-4', 698]"
682,12,11,"['A037', '0']"
169,1125
new crir
new task..............,hasoto,0
0,"['A037', '0']"
0,5,"['B9070', '11']"
5,2,15,"['B8515', '26']"
22,7,20,"['B5471', '9']"
49,1,14,"['B8939', '8']"
64,2,13,"['B3114', '9']"
79,7,14,"['B3598', '15']"
100,3,17,"['B0619', '20']"
120,1,18,"['B5585', '38']"
139,5,23,"['A037', '0']"
new task..............,hasoto,0
167,"['A037', '0']"
167,17,"['B5122', '52']"
184,4,27,"['B5960', '27']"
215,4,21,"['B4487', '35']"
240,17,23,"['A037', '0']"
new task..............,hasoto,0
280,"['A037', '0']"
280,29,"['B3334', '25']"
309,4,20,"['B8277', '5']"
333,5,12,"['B4450', '14']"
350,4,16,"['B5279', '14']"
370,4,16,"['B3359', '24']"
390,3,20,"['B1037', '16']"
413,10,17,"['B8988', '11']"
440,1,15,"['B2417', '5']"
456,2,12,"['B1616', '4']"
470,7,11,"['B7063', '16']"
488,30,17,"['A037', '0']"
new task..............,hasoto,1
535,"['A037', '0']"
535,14,"['B3058', '61']"
549,2,28,"['B8953', '35']"
579,2,23,"['B1661', '40']"
604,6,24,"['S243', '1', 590, 675]"
634,5,"['B0340', '-1', 680]"
639,3,8,"['S252', '3', 593, 673]"
650,10,"['B8706', '-3', 683]"
660,11,10,"['S134', '3', 598, 686]"
681,2,"['B3934', '-3', 688]"
683,1,10,"['S138', '3', 606, 695]"
694,1,"['B3934', '-3', 696]"
695,2,10,"['S134', '2', 623, 712]"
707,1,"['B4390', '-2', 713]"
708,12,9,"['A037', '0']"
170,1252
new crir
new task..............,hasoto,0
0,"['A037', '0']"
0,6,"['B3241', '19']"
6,1,18,"['B8508', '22']"
25,2,19,"['B7706', '12']"
46,2,15,"['B5811', '27']"
63,1,21,"['B1428', '28']"
85,1,21,"['B4597', '32']"
107,10,22,"['A037', '0']"
new task..............,hasoto,0
139,"['A037', '0']"
139,39,"['B1692', '8']"
178,3,13,"['B2869', '18']"
194,2,18,"['B8612', '11']"
214,2,15,"['B4417', '10']"
231,2,14,"['B8537', '12']"
247,3,15,"['B4542', '20']"
265,4,18,"['B6397', '28']"
287,1,21,"['B1088', '7']"
309,1,13,"['B7516', '23']"
323,31,19,"['A037', '0']"
new task..............,hasoto,0
373,"['A037', '0']"
373,12,"['B1658', '20']"
385,1,18,"['B8153', '30']"
404,1,21,"['B5433', '26']"
426,2,20,"['B5755', '32']"
448,2,22,"['B1139', '24']"
472,11,20,"['A037', '0']"
171,503
new crir
new task..............,hasoto,0
0,"['A037', '0']"
0,14,"['B4758', '14']"
14,3,16,"['B2937', '12']"
33,8,15,"['B4233', '8']"
56,2,13,"['B0474', '6']"
71,4,12,"['B7752', '4']"
87,2,11,"['B8075', '8']"
100,3,13,"['B7108', '3']"
116,3,10,"['B7676', '6']"
129,2,12,"['B6062', '24']"
143,2,20,"['B1353', '9']"
165,1,14,"['B3873', '15']"
180,3,17,"['B6188', '7']"
200,2,13,"['B6478', '12']"
215,12,15,"['A037', '0']"
new task..............,hasoto,0
242,"['A037', '0']"
242,10,"['B6077', '18']"
252,3,18,"['B0657', '33']"
273,2,22,"['B3934', '18']"
297,3,18,"['B5226', '13']"
318,5,16,"['B2107', '23']"
339,2,19,"['B7720', '14']"
360,1,16,"['B3188', '12']"
377,13,15,"['A037', '0']"
new task..............,hasoto,0
405,"['A037', '0']"
405,16,"['B0265', '30']"
421,1,21,"['B9020', '33']"
443,1,22,"['B2568', '36']"
466,14,23,"['A037', '0']"
new task..............,hasoto,0
503,"['A037', '0']"
503,11,"['B1032', '59']"
514,3,28,"['B2215', '77']"
545,9,31,"['A037', '0']"
new task..............,hasoto,1
585,"['A037', '0']"
585,11,"['B6969', '16']"
596,1,17,"['B0175', '20']"
614,1,18,"['B6353', '32']"
633,1,22,"['B4763', '17']"
656,13,17,"['S138', '2', 628, 716]"
686,2,"['B4020', '-2', 718]"
688,2,9,"['S138', '2', 629, 705]"
699,14,"['B0423', '-2', 719]"
713,21,9,"['A037', '0']"
172,1296
new crir
new task..............,hasoto,0
0,"['A037', '0']"
0,13,"['B2992', '38']"
13,1,23,"['B8789', '15']"
37,1,17,"['B2732', '28']"
55,1,21,"['B7177', '46']"
77,11,25,"['A037', '0']"
new task..............,hasoto,0
113,"['A037', '0']"
113,13,"['B1293', '47']"
126,2,26,"['B8706', '33']"
154,2,22,"['B7095', '32']"
178,12,22,"['A037', '0']"
new task..............,hasoto,0
212,"['A037', '0']"
212,21,"['B4158', '34']"
233,1,22,"['B4642', '51']"
256,2,26,"['B1370', '33']"
284,20,22,"['A037', '0']"
new task..............,hasoto,0
326,"['A037', '0']"
326,3,"['B6907', '10']"
329,2,14,"['B1126', '27']"
345,1,21,"['B6364', '16']"
367,1,17,"['B8361', '11']"
385,3,15,"['B3312', '11']"
403,7,15,"['B3453', '25']"
425,1,20,"['A037', '0']"
new task..............,hasoto,0
446,"['A037', '0']"
446,10,"['B9195', '10']"
456,3,14,"['B7628', '17']"
473,2,17,"['B1048', '7']"
492,3,13,"['B2749', '1']"
508,3,8,"['B4454', '34']"
519,2,22,"['B0571', '46']"
543,2,25,"['B5910', '7']"
570,2,13,"['B5095', '15']"
585,9,17,"['A037', '0']"
173,611
new crir
new task..............,hasoto,0
0,"['A037', '0']"
0,2,"['B2626', '38']"
2,2,23,"['B7454', '12']"
27,2,15,"['B0752', '59']"
44,3,28,"['B0340', '23']"
75,3,19,"['B8720', '5']"
97,9,12,"['A037', '0']"
new task..............,hasoto,0
118,"['A037', '0']"
118,14,"['B3561', '57']"
132,2,28,"['B1174', '46']"
162,2,25,"['B6756', '10']"
189,14,14,"['A037', '0']"
new task..............,hasoto,0
217,"['A037', '0']"
217,7,"['B6855', '3']"
224,2,10,"['B7113', '15']"
236,3,17,"['B4579', '8']"
256,4,13,"['B1041', '66']"
273,4,29,"['A037', '0']"
new task..............,hasoto,0
306,"['A037', '0']"
306,25,"['B3153', '67']"
331,3,30,"['B8114', '31']"
364,1,22,"['B2751', '37']"
387,22,23,"['A037', '0']"
new task..............,hasoto,0
432,"['A037', '0']"
432,13,"['B8280', '33']"
445,2,22,"['B1502', '34']"
469,1,22,"['B5541', '33']"
492,11,22,"['A037', '0']"
174,525
new crir
new task..............,hasoto,1
609,"['A037', '0']"
609,12,"['S297', 1, 621, 621]"
621,12,"['A037', '0']"
175,0
new crir
new task..............,hasoto,1
620,"['A037', '0']"
620,8,"['S261', 5, 628, 698]"
628,8,"['A037', '0']"
176,0
