new crir
new task..............,hasoto,0
0,"['A046', '0']"
0,8,"['B5881', '89']"
8,2,33,"['B3091', '46']"
43,6,25,"['A046', '0']"
new task..............,hasoto,0
74,"['A046', '0']"
74,3,"['B3835', '83']"
77,2,32,"['B5824', '22']"
111,3,19,"['A046', '0']"
new task..............,hasoto,0
133,"['A046', '0']"
133,4,"['B3791', '56']"
137,1,27,"['B5954', '82']"
165,5,32,"['A046', '0']"
new task..............,hasoto,1
202,"['A046', '0']"
202,1,"['B0472', '57']"
203,3,28,"['S182', '4', 221, 303]"
234,8,"['B7191', '-4', 311]"
242,9,11,"['S194', '1', 216, 302]"
262,4,"['B0548', '-1', 306]"
266,1,8,"['S238', '2', 223, 312]"
275,1,"['B7639', '-2', 313]"
276,6,9,"['S233', '1', 217, 306]"
291,1,"['B6025', '-1', 307]"
292,4,8,"['S200', '2', 227, 311]"
304,6,"['B6212', '-2', 317]"
310,4,9,"['S183', '3', 237, 324]"
323,3,"['B1400', '-3', 327]"
326,4,10,"['S239', '3', 256, 343]"
340,3,"['B1310', '-3', 346]"
343,8,10,"['S262', '1', 280, 366]"
361,4,"['B0711', '-1', 370]"
365,12,8,"['S198', '2', 299, 387]"
385,2,"['B3214', '-2', 389]"
387,2,9,"['S205', '2', 319, 405]"
398,4,"['B3412', '-2', 409]"
402,6,9,"['S188', '5', 332, 420]"
417,2,"['B5174', '-5', 422]"
419,2,12,"['S189', '2', 348, 436]"
433,2,"['B3214', '-2', 438]"
435,3,9,"['S197', '2', 382, 470]"
447,2,"['B6212', '-2', 472]"
449,1,9,"['S217', '4', 380, 466]"
459,4,"['B3214', '-4', 470]"
463,1,11,"['S178', '1', 425, 512]"
475,3,"['B5891', '-1', 515]"
478,2,8,"['S182', '1', 456, 540]"
488,6,"['B2624', '-1', 546]"
494,10,8,"['S217', '2', 432, 515]"
512,7,"['B3914', '-2', 522]"
519,11,9,"['S198', '6', 458, 541]"
539,7,"['B5873', '-6', 548]"
546,10,12,"['S217', '2', 488, 573]"
568,5,"['B2978', '-2', 578]"
573,5,9,"['S217', '2', 511, 588]"
587,13,"['B1443', '-2', 601]"
600,17,9,"['S183', '2', 544, 628]"
626,6,"['B4509', '-2', 634]"
632,5,9,"['S198', '2', 571, 655]"
646,6,"['B0137', '-2', 661]"
652,3,9,"['S233', '1', 582, 665]"
664,7,"['B2726', '-1', 672]"
671,7,8,"['B6481', '45']"
686,1,25,"['S216', '1', 623, 712]"
712,1,"['B2920', '-1', 713]"
713,3,8,"['A046', '0']"
206,914
new crir
new task..............,hasoto,0
0,"['A046', '0']"
0,2,"['B1400', '55']"
2,1,27,"['B1168', '33']"
30,2,22,"['A046', '0']"
new task..............,hasoto,0
54,"['A046', '0']"
54,6,"['B0984', '47']"
60,1,26,"['B7858', '53']"
87,6,27,"['A046', '0']"
new task..............,hasoto,0
120,"['A046', '0']"
120,8,"['B7634', '34']"
128,1,22,"['B2298', '92']"
151,8,34,"['A046', '0']"
new task..............,hasoto,1
193,"['A046', '0']"
193,2,"['B4677', '36']"
195,2,23,"['B1590', '68']"
220,6,30,"['S262', '1', 233, 319]"
256,4,"['B8301', '-1', 323]"
260,13,8,"['S194', '2', 228, 316]"
281,2,"['B3835', '-2', 318]"
283,6,9,"['S217', '1', 243, 330]"
298,3,"['B4509', '-1', 333]"
301,3,8,"['S217', '2', 229, 313]"
312,6,"['B0472', '-2', 319]"
318,3,9,"['S182', '5', 244, 333]"
330,1,"['B3835', '-5', 334]"
331,1,12,"['S182', '2', 264, 348]"
344,6,"['B1590', '-2', 354]"
350,8,9,"['S187', '3', 287, 368]"
367,9,"['B7036', '-3', 377]"
376,3,10,"['S235', '2', 306, 392]"
389,4,"['B2375', '-2', 396]"
393,4,9,"['S235', '2', 323, 409]"
406,4,"['B0548', '-2', 413]"
410,1,9,"['S239', '2', 335, 424]"
420,1,"['B0548', '-2', 425]"
421,2,9,"['S217', '4', 380, 464]"
432,6,"['B4849', '-4', 470]"
438,9,11,"['A046', '0']"
new task..............,hasoto,1
253,"['A046', '0']"
253,6,"['B5174', '59']"
259,2,28,"['B3214', '21']"
289,1,19,"['S182', '2', 251, 336]"
309,5,"['B8819', '-2', 341]"
314,4,9,"['S217', '2', 260, 345]"
327,5,"['B6025', '-2', 350]"
332,5,9,"['S217', '3', 264, 349]"
346,5,"['B1310', '-3', 354]"
351,7,10,"['S198', '1', 298, 383]"
368,5,"['B7817', '-1', 388]"
373,2,8,"['S188', '2', 304, 392]"
383,2,"['B2019', '-2', 394]"
385,2,9,"['S217', '3', 326, 414]"
396,2,"['B4059', '-3', 416]"
398,4,10,"['S188', '4', 342, 430]"
412,2,"['B2019', '-4', 432]"
414,3,11,"['B1350', '58']"
428,2,28,"['A046', '0']"
207,697
new crir
new task..............,hasoto,0
0,"['A046', '0']"
0,9,"['B5551', '40']"
9,1,24,"['B5732', '49']"
34,9,26,"['A046', '0']"
new task..............,hasoto,0
69,"['A046', '0']"
69,5,"['B1746', '97']"
74,3,35,"['B6212', '37']"
112,3,23,"['A046', '0']"
new task..............,hasoto,0
138,"['A046', '0']"
138,7,"['B3631', '54']"
145,1,27,"['B1912', '52']"
173,8,27,"['A046', '0']"
new task..............,hasoto,1
208,"['A046', '0']"
208,3,"['B7718', '28']"
211,1,21,"['B3412', '74']"
233,2,31,"['B8819', '23']"
266,6,19,"['S262', '3', 274, 359]"
291,5,"['B9019', '-3', 364]"
296,16,10,"['S189', '4', 305, 391]"
322,4,"['B8848', '-4', 395]"
326,2,11,"['S182', '1', 301, 385]"
339,6,"['B3412', '-1', 391]"
345,4,8,"['S217', '3', 313, 383]"
357,20,"['B5103', '-3', 403]"
377,20,10,"['S267', '12', 344, 431]"
407,3,"['B7036', '-12', 434]"
410,3,15,"['S262', '2', 348, 428]"
428,10,"['B0105', '-2', 438]"
438,21,9,"['S189', '2', 467, 556]"
468,1,"['B2019', '-2', 557]"
469,4,9,"['A046', '0']"
208,672
new crir
new task..............,hasoto,0
0,"['A046', '0']"
0,5,"['B7036', '40']"
5,1,24,"['B4445', '23']"
30,2,19,"['B0588', '52']"
51,7,27,"['A046', '0']"
new task..............,hasoto,0
85,"['A046', '0']"
85,5,"['B4509', '65']"
90,1,29,"['B4008', '43']"
120,6,25,"['A046', '0']"
new task..............,hasoto,0
151,"['A046', '0']"
151,5,"['B8643', '61']"
156,1,28,"['B5496', '52']"
185,5,27,"['A046', '0']"
new task..............,hasoto,0
217,"['A046', '0']"
217,1,"['B8848', '63']"
218,1,29,"['A046', '0']"
new task..............,hasoto,0
248,"['A046', '0']"
248,4,"['B2019', '72']"
252,2,30,"['B8702', '64']"
284,2,29,"['A046', '0']"
new task..............,hasoto,0
315,"['A046', '0']"
315,3,"['B2920', '42']"
318,1,24,"['B8715', '19']"
343,1,18,"['B1185', '39']"
362,2,24,"['B2813', '39']"
388,2,24,"['A046', '0']"
new task..............,hasoto,0
414,"['A046', '0']"
414,7,"['B8000', '93']"
421,2,34,"['B2375', '46']"
457,7,25,"['A046', '0']"
new task..............,hasoto,1
489,"['A046', '0']"
489,5,"['B0548', '87']"
494,2,33,"['B7413', '34']"
529,2,22,"['S198', '3', 492, 580]"
553,2,"['B3835', '-3', 582]"
555,10,10,"['S262', '1', 498, 584]"
575,4,"['B5685', '-1', 588]"
579,13,8,"['S183', '5', 514, 602]"
600,2,"['B5891', '-5', 604]"
602,4,12,"['S198', '2', 550, 638]"
618,2,"['B3835', '-2', 640]"
620,7,9,"['S221', '2', 559, 647]"
636,2,"['B5704', '-2', 649]"
638,2,9,"['S233', '2', 572, 662]"
649,0,"['B8715', '-2', 662]"
649,6,9,"['S177', '1', 577, 665]"
664,2,"['B5891', '-1', 667]"
666,2,8,"['S182', '2', 594, 676]"
676,8,"['B3852', '-2', 684]"
684,10,9,"['S197', '1', 619, 707]"
703,2,"['B6212', '-1', 709]"
705,3,8,"['A046', '0']"
209,1193
new crir
new task..............,hasoto,0
0,"['A046', '0']"
0,4,"['B5662', '46']"
4,1,25,"['B4252', '54']"
30,2,27,"['B6025', '36']"
59,3,23,"['A046', '0']"
new task..............,hasoto,0
85,"['A046', '0']"
85,6,"['B0137', '40']"
91,2,24,"['B4707', '30']"
117,2,21,"['B7156', '62']"
140,6,29,"['A046', '0']"
new task..............,hasoto,0
175,"['A046', '0']"
175,4,"['B5704', '53']"
179,1,27,"['B3048', '30']"
207,4,21,"['A046', '0']"
210,232
new crir
new task..............,hasoto,1
587,"['A046', '0']"
587,3,"['S234', 3, 590, 676]"
590,2,"['S216', 1, 594, 680]"
592,4,"['S198', 2, 605, 693]"
596,3,"['S188', 3, 607, 695]"
599,3,"['S198', 2, 621, 708]"
602,5,"['S233', 2, 622, 689]"
607,3,"['A046', '0']"
211,0
new crir
new task..............,hasoto,1
620,"['A046', '0']"
620,5,"['S221', 1, 625, 699]"
625,5,"['A046', '0']"
212,0
