new crir
new task..............,hasoto,0
0,"['A093', '0']"
0,9,"['B6561', '30']"
9,2,21,"['B3892', '30']"
32,2,21,"['B4892', '32']"
55,1,22,"['B8240', '24']"
78,5,20,"['A093', '0']"
new task..............,hasoto,0
103,"['A093', '0']"
103,1,"['B8089', '38']"
104,1,23,"['B0275', '96']"
128,2,34,"['A093', '0']"
new task..............,hasoto,1
164,"['A093', '0']"
164,5,"['B4939', '53']"
169,3,27,"['B0829', '68']"
199,1,30,"['S381', '1', 214, 302]"
230,2,"['B4715', '-1', 304]"
232,3,8,"['S374', '2', 214, 301]"
243,3,"['B0829', '-2', 304]"
246,3,9,"['S373', '2', 211, 300]"
258,1,"['B9095', '-2', 301]"
259,1,9,"['S385', '2', 212, 299]"
269,3,"['B4715', '-2', 302]"
272,3,9,"['S374', '3', 210, 292]"
284,8,"['B1339', '-3', 300]"
292,7,10,"['S385', '2', 223, 312]"
309,1,"['B1744', '-2', 313]"
310,2,9,"['S379', '1', 232, 321]"
321,1,"['B9095', '-1', 322]"
322,1,8,"['S379', '1', 249, 337]"
331,2,"['B6929', '-1', 339]"
333,2,8,"['S376', '2', 263, 349]"
343,4,"['B7717', '-2', 353]"
347,3,9,"['S373', '1', 274, 361]"
359,3,"['B1725', '-1', 364]"
362,3,8,"['S375', '4', 287, 376]"
373,1,"['B9095', '-4', 377]"
374,2,11,"['S366', '1', 302, 388]"
387,4,"['B0275', '-1', 392]"
391,5,8,"['S379', '2', 317, 406]"
404,1,"['B9095', '-2', 407]"
405,8,9,"['S422', '2', 334, 423]"
422,1,"['B5679', '-2', 424]"
423,7,9,"['S385', '2', 351, 440]"
439,1,"['B0759', '-2', 441]"
440,3,9,"['S369', '2', 366, 453]"
452,3,"['B4939', '-2', 456]"
455,3,9,"['S366', '2', 383, 471]"
467,2,"['B5895', '-2', 473]"
469,5,9,"['S385', '1', 398, 487]"
483,1,"['B1744', '-1', 488]"
484,2,8,"['S369', '1', 411, 494]"
494,7,"['B2764', '-1', 501]"
501,7,8,"['S375', '4', 430, 519]"
516,1,"['B9095', '-4', 520]"
517,1,11,"['S373', '1', 447, 534]"
529,3,"['B7717', '-1', 537]"
532,1,8,"['S380', '1', 452, 541]"
541,1,"['B7717', '-1', 542]"
542,1,8,"['S380', '1', 473, 562]"
551,1,"['B7717', '-1', 563]"
552,3,8,"['S379', '3', 487, 576]"
563,1,"['B3049', '-3', 577]"
564,8,10,"['S422', '1', 499, 584]"
582,5,"['B2699', '-1', 589]"
587,13,8,"['S376', '1', 527, 616]"
608,1,"['B9095', '-1', 617]"
609,7,8,"['S417', '1', 535, 624]"
624,1,"['B5679', '-1', 625]"
625,9,8,"['S369', '5', 555, 642]"
642,3,"['B3664', '-5', 645]"
645,3,12,"['S379', '1', 579, 666]"
660,3,"['B0829', '-1', 669]"
663,3,8,"['S377', '11', 588, 675]"
674,3,"['B1725', '-11', 678]"
677,8,15,"['S407', '1', 617, 703]"
700,4,"['B3027', '-1', 707]"
704,7,8,"['A093', '0']"
327,860
new crir
new task..............,hasoto,0
0,"['A093', '0']"
0,1,"['B3664', '37']"
1,2,23,"['B4844', '46']"
26,1,25,"['B5863', '30']"
52,1,21,"['A093', '0']"
new task..............,hasoto,0
74,"['A093', '0']"
74,7,"['B0439', '38']"
81,2,23,"['B2888', '44']"
106,2,25,"['B4921', '42']"
133,4,24,"['A093', '0']"
new task..............,hasoto,1
161,"['A093', '0']"
161,8,"['B5679', '30']"
169,1,21,"['B0168', '86']"
191,1,33,"['S424', '2', 224, 313]"
225,1,"['B5679', '-2', 314]"
226,2,9,"['B9189', '24']"
237,6,20,"['S385', '2', 217, 306]"
263,1,"['B9095', '-2', 307]"
264,1,9,"['S379', '1', 218, 306]"
274,2,"['B1744', '-1', 308]"
276,2,8,"['S379', '2', 220, 306]"
286,4,"['B4939', '-2', 310]"
290,2,9,"['S351', '1', 218, 306]"
301,2,"['B0074', '-1', 308]"
303,5,8,"['S369', '1', 229, 316]"
316,3,"['B5236', '-1', 319]"
319,4,8,"['S347', '12', 242, 331]"
331,1,"['B3559', '-12', 332]"
332,6,15,"['S385', '3', 264, 353]"
353,1,"['B1744', '-3', 354]"
354,2,10,"['S369', '2', 278, 367]"
366,1,"['B9095', '-2', 368]"
367,1,9,"['S373', '1', 289, 377]"
377,2,"['B6929', '-1', 379]"
379,2,8,"['S385', '2', 305, 393]"
389,2,"['B6929', '-2', 395]"
391,2,9,"['S373', '1', 316, 402]"
402,4,"['B5236', '-1', 406]"
406,4,8,"['S385', '2', 336, 422]"
418,4,"['B1725', '-2', 426]"
422,4,9,"['S385', '3', 346, 435]"
435,1,"['B9095', '-3', 436]"
436,1,10,"['S369', '2', 372, 458]"
447,4,"['B4844', '-2', 462]"
451,1,9,"['S367', '2', 384, 469]"
461,5,"['B0812', '-2', 474]"
466,7,9,"['S377', '2', 400, 489]"
482,1,"['B9095', '-2', 490]"
483,1,9,"['S375', '4', 416, 505]"
493,1,"['B9095', '-4', 506]"
494,3,11,"['S390', '8', 438, 525]"
508,3,"['B6043', '-8', 528]"
511,4,13,"['S400', '1', 446, 528]"
528,8,"['B5895', '-1', 536]"
536,3,8,"['S347', '20', 466, 550]"
547,6,"['B3146', '-20', 556]"
553,6,18,"['S373', '1', 546, 617]"
577,19,"['B8160', '-1', 636]"
596,17,8,"['S406', '1', 545, 624]"
621,11,"['B6787', '-1', 635]"
632,11,8,"['S417', '1', 576, 663]"
651,3,"['B8726', '-1', 666]"
654,11,8,"['S379', '1', 587, 673]"
673,4,"['B5236', '-1', 677]"
677,3,8,"['S369', '2', 610, 693]"
688,7,"['B0812', '-2', 700]"
695,5,9,"['S385', '1', 622, 711]"
709,1,"['B1744', '-1', 712]"
710,2,8,"['A093', '0']"
328,870
new crir
new task..............,hasoto,0
0,"['A093', '0']"
0,2,"['B1744', '51']"
2,1,26,"['B9095', '36']"
29,1,23,"['B6929', '39']"
53,1,24,"['A093', '0']"
new task..............,hasoto,0
78,"['A093', '0']"
78,4,"['B1821', '70']"
82,4,30,"['B2944', '49']"
116,7,26,"['A093', '0']"
new task..............,hasoto,1
149,"['A093', '0']"
149,10,"['B1206', '38']"
159,1,23,"['B8462', '41']"
183,3,24,"['B3222', '40']"
210,3,24,"['S422', '1', 231, 320]"
237,1,"['B0168', '-1', 321]"
238,8,8,"['S385', '4', 220, 292]"
254,18,"['B8160', '-4', 310]"
272,9,11,"['S362', '1', 221, 300]"
292,11,"['B2425', '-1', 311]"
303,7,8,"['S388', '3', 229, 318]"
318,1,"['B4715', '-3', 319]"
319,2,10,"['S379', '1', 250, 336]"
331,4,"['B4939', '-1', 340]"
335,5,8,"['S385', '2', 265, 354]"
348,1,"['B3049', '-2', 355]"
349,2,9,"['S375', '5', 275, 363]"
360,2,"['B3049', '-5', 365]"
362,2,12,"['S373', '1', 288, 376]"
376,2,"['B1744', '-1', 378]"
378,1,8,"['S385', '4', 302, 387]"
387,5,"['B0275', '-4', 392]"
392,4,11,"['S346', '1', 324, 410]"
407,4,"['B1240', '-1', 414]"
411,6,8,"['S353', '1', 346, 432]"
425,4,"['B5187', '-1', 436]"
429,9,8,"['S390', '3', 363, 447]"
446,6,"['B1668', '-3', 453]"
452,6,10,"['S390', '4', 392, 474]"
468,8,"['B0504', '-4', 482]"
476,5,11,"['S377', '2', 406, 492]"
492,4,"['B5236', '-2', 496]"
496,4,9,"['S347', '9', 451, 521]"
509,20,"['B6401', '-9', 541]"
529,18,14,"['S369', '3', 560, 637]"
561,13,"['B5453', '-3', 650]"
574,13,10,"['S377', '2', 557, 646]"
597,1,"['B9095', '-2', 647]"
598,1,9,"['S379', '1', 557, 645]"
608,2,"['B6929', '-1', 647]"
610,1,8,"['S369', '2', 551, 632]"
619,9,"['B8018', '-2', 641]"
628,10,9,"['S400', '1', 562, 647]"
647,5,"['B1715', '-1', 652]"
652,10,8,"['S377', '11', 585, 672]"
670,3,"['B1725', '-11', 675]"
673,2,15,"['S366', '1', 620, 691]"
690,19,"['B8160', '-1', 710]"
709,16,8,"['A093', '0']"
329,841
new crir
new task..............,hasoto,0
0,"['A093', '0']"
0,3,"['B5895', '41']"
3,2,24,"['B3559', '36']"
29,1,23,"['B2160', '21']"
53,5,19,"['A093', '0']"
new task..............,hasoto,0
77,"['A093', '0']"
77,9,"['B4914', '28']"
86,1,21,"['B8726', '85']"
108,10,33,"['A093', '0']"
new task..............,hasoto,0
151,"['A093', '0']"
151,3,"['B0504', '36']"
154,2,23,"['B3146', '67']"
179,3,30,"['A093', '0']"
new task..............,hasoto,1
212,"['A093', '0']"
212,7,"['B3027', '51']"
219,2,26,"['B0812', '42']"
247,3,24,"['S400', '2', 232, 321]"
274,1,"['B1821', '-2', 322]"
275,1,9,"['S400', '1', 221, 295]"
285,16,"['B8160', '-1', 311]"
301,19,8,"['S373', '1', 241, 330]"
328,1,"['B9095', '-1', 331]"
329,3,8,"['S360', '4', 251, 340]"
340,1,"['B0275', '-4', 341]"
341,4,11,"['S366', '1', 271, 357]"
356,4,"['B8089', '-1', 361]"
360,4,8,"['S385', '2', 284, 373]"
372,1,"['B1744', '-2', 374]"
373,2,9,"['S373', '3', 296, 385]"
384,1,"['B9095', '-3', 386]"
385,1,10,"['S375', '4', 310, 399]"
396,1,"['B9095', '-4', 400]"
397,4,11,"['S400', '1', 339, 425]"
412,4,"['B9095', '-1', 429]"
416,1,8,"['S375', '4', 338, 427]"
425,1,"['B9095', '-4', 428]"
426,1,11,"['S385', '2', 352, 441]"
438,1,"['B3049', '-2', 442]"
439,7,9,"['S347', '14', 378, 459]"
455,9,"['B2819', '-14', 468]"
464,9,16,"['S366', '1', 435, 506]"
489,19,"['B6401', '-1', 525]"
508,19,8,"['S375', '2', 472, 543]"
535,19,"['B6401', '-2', 562]"
554,15,9,"['S400', '1', 560, 644]"
578,6,"['B8089', '-1', 650]"
584,6,8,"['S400', '1', 586, 661]"
598,15,"['B2883', '-1', 676]"
613,13,8,"['S385', '2', 590, 679]"
634,1,"['B9095', '-2', 680]"
635,1,9,"['S385', '3', 582, 668]"
645,4,"['B0504', '-3', 672]"
649,5,10,"['S400', '1', 590, 672]"
664,8,"['B3476', '-1', 680]"
672,5,8,"['S369', '2', 598, 686]"
685,2,"['B3049', '-2', 688]"
687,8,9,"['S417', '1', 620, 706]"
704,4,"['B1206', '-1', 710]"
708,10,8,"['A093', '0']"
330,912
new crir
new task..............,hasoto,0
0,"['A093', '0']"
0,6,"['B0074', '60']"
6,1,28,"['B4333', '50']"
35,6,26,"['A093', '0']"
new task..............,hasoto,0
67,"['A093', '0']"
67,6,"['B5770', '53']"
73,1,27,"['B2945', '49']"
101,5,26,"['A093', '0']"
new task..............,hasoto,0
132,"['A093', '0']"
132,3,"['B7717', '17']"
135,2,17,"['B4523', '58']"
154,1,28,"['B0759', '27']"
183,3,21,"['A093', '0']"
new task..............,hasoto,1
207,"['A093', '0']"
207,5,"['B2339', '53']"
212,2,27,"['B3590', '64']"
241,4,29,"['S376', '1', 223, 304]"
274,9,"['B1318', '-1', 313]"
283,8,8,"['S347', '15', 230, 313]"
299,7,"['B9095', '-15', 320]"
306,1,17,"['S377', '10', 238, 325]"
324,3,"['B3664', '-10', 328]"
327,3,14,"['S385', '2', 267, 355]"
344,2,"['B6929', '-2', 357]"
346,2,9,"['S385', '2', 275, 361]"
357,4,"['B0829', '-2', 365]"
361,3,9,"['S377', '9', 287, 374]"
373,3,"['B4715', '-9', 377]"
376,3,14,"['S366', '1', 322, 406]"
393,6,"['B4243', '-1', 412]"
399,8,8,"['S385', '3', 342, 428]"
415,4,"['B0504', '-3', 432]"
419,5,10,"['S376', '1', 393, 472]"
434,11,"['B8121', '-1', 483]"
445,12,8,"['A093', '0']"
331,639
new crir
new task..............,hasoto,0
0,"['A093', '0']"
0,5,"['B4766', '49']"
5,2,26,"['B4169', '48']"
33,1,26,"['B5964', '34']"
60,7,22,"['A093', '0']"
new task..............,hasoto,0
89,"['A093', '0']"
89,4,"['B3476', '19']"
93,1,18,"['B4243', '41']"
112,2,24,"['B7929', '22']"
138,4,19,"['A093', '0']"
new task..............,hasoto,0
161,"['A093', '0']"
161,4,"['B3049', '43']"
165,2,25,"['B4715', '73']"
192,5,31,"['A093', '0']"
new task..............,hasoto,1
228,"['A093', '0']"
228,5,"['B1339', '14']"
233,8,16,"['S366', '4', 233, 321]"
257,2,"['B5895', '-4', 323]"
259,3,11,"['S369', '2', 233, 312]"
273,11,"['B1715', '-2', 323]"
284,9,9,"['S385', '2', 232, 304]"
302,18,"['B8160', '-2', 322]"
320,15,9,"['S422', '2', 257, 346]"
344,1,"['B0168', '-2', 347]"
345,10,9,"['S375', '2', 276, 364]"
364,2,"['B6929', '-2', 366]"
366,2,9,"['S385', '2', 292, 381]"
377,1,"['B9095', '-2', 382]"
378,1,9,"['S369', '2', 337, 408]"
388,19,"['B8160', '-2', 427]"
407,9,9,"['B4492', '18']"
425,1,18,"['B5324', '4']"
444,1,11,"['B8689', '17']"
456,5,17,"['B7859', '54']"
478,3,27,"['S400', '1', 476, 549]"
508,17,"['B2044', '-1', 566]"
525,13,8,"['S390', '8', 475, 557]"
546,8,"['B0547', '-8', 565]"
554,11,13,"['A093', '0']"
332,772
new crir
new task..............,hasoto,0
0,"['A093', '0']"
0,2,"['B5236', '35']"
2,4,23,"['B1725', '91']"
29,4,34,"['A093', '0']"
333,67
new crir
new task..............,hasoto,1
230,"['A093', '0']"
230,3,"['S376', 1, 233, 313]"
233,2,"['S385', 3, 233, 313]"
235,3,"['S400', 1, 235, 310]"
238,0,"['S400', 1, 251, 337]"
238,6,"['S366', 1, 257, 338]"
244,3,"['S385', 2, 283, 371]"
247,3,"['S366', 1, 288, 376]"
250,1,"['S369', 2, 591, 670]"
251,1,"['S366', 2, 595, 683]"
252,5,"['S347', 8, 599, 684]"
257,10,"['S403', 4, 607, 684]"
267,3,"['S385', 1, 622, 711]"
270,3,"['S366', 2, 623, 710]"
273,3,"['S385', 2, 626, 715]"
276,3,"['A093', '0']"
334,0
new crir
new task..............,hasoto,1
234,"['A093', '0']"
234,3,"['S366', 3, 237, 324]"
237,3,"['S390', 6, 237, 324]"
240,3,"['S374', 2, 238, 319]"
243,0,"['S369', 3, 244, 326]"
243,0,"['S374', 2, 263, 342]"
243,0,"['S375', 8, 278, 367]"
243,5,"['S406', 1, 289, 375]"
248,5,"['A093', '0']"
335,0
new crir
new task..............,hasoto,1
240,"['A093', '0']"
240,3,"['S385', 3, 243, 301]"
243,2,"['S374', 1, 249, 321]"
245,9,"['S422', 2, 268, 352]"
254,9,"['S379', 2, 279, 366]"
263,4,"['S353', 1, 294, 383]"
267,3,"['S366', 1, 295, 383]"
270,3,"['A093', '0']"
336,0
new crir
new task..............,hasoto,1
278,"['A093', '0']"
278,3,"['S385', 1, 281, 366]"
281,7,"['S422', 4, 289, 374]"
288,9,"['S369', 2, 290, 346]"
297,3,"['A093', '0']"
337,0
new crir
new task..............,hasoto,1
292,"['A093', '0']"
292,3,"['S376', 1, 295, 383]"
295,6,"['S347', 11, 302, 389]"
301,7,"['S388', 1, 303, 388]"
308,5,"['A093', '0']"
338,0
