new crir
new task..............,hasoto,0
0,"['A094', '0']"
0,8,"['B4512', '28']"
8,2,21,"['B0805', '51']"
31,2,26,"['B8025', '23']"
59,1,19,"['B7271', '30']"
79,10,21,"['A094', '0']"
new task..............,hasoto,1
110,"['A094', '0']"
110,5,"['B6495', '17']"
115,2,17,"['B5856', '44']"
134,1,25,"['B1473', '27']"
160,1,21,"['B7126', '37']"
182,7,23,"['S159', '1', 210, 295]"
212,5,"['B6495', '-1', 300]"
217,13,8,"['S224', '1', 216, 290]"
238,16,"['B5946', '-1', 306]"
254,16,8,"['S223', '1', 212, 301]"
278,1,"['B6525', '-1', 302]"
279,4,8,"['S246', '1', 216, 297]"
291,9,"['B4652', '-1', 306]"
300,11,8,"['S223', '1', 233, 323]"
319,0,"['B1389', '-1', 323]"
319,1,8,"['S211', '17', 239, 328]"
328,1,"['B4512', '-17', 329]"
329,4,17,"['S181', '3', 263, 350]"
350,3,"['B4392', '-3', 353]"
353,5,10,"['S229', '1', 280, 370]"
368,0,"['B1389', '-1', 370]"
368,0,8,"['S223', '1', 293, 383]"
376,0,"['B1389', '-1', 383]"
376,0,8,"['S225', '1', 294, 384]"
384,0,"['B1389', '-1', 384]"
384,0,8,"['S225', '1', 308, 397]"
392,1,"['B8742', '-1', 398]"
393,1,8,"['S223', '1', 313, 403]"
402,0,"['B1389', '-1', 403]"
402,0,8,"['S223', '1', 323, 412]"
410,1,"['B8742', '-1', 413]"
411,1,8,"['S223', '1', 333, 422]"
420,1,"['B8742', '-1', 423]"
421,1,8,"['S225', '1', 341, 431]"
430,0,"['B1389', '-1', 431]"
430,0,8,"['S223', '2', 354, 442]"
438,2,"['B4512', '-2', 444]"
440,2,9,"['S223', '2', 363, 451]"
451,2,"['B4512', '-2', 453]"
453,2,9,"['S225', '1', 375, 464]"
464,1,"['B8742', '-1', 465]"
465,1,8,"['S229', '1', 390, 480]"
474,0,"['B1389', '-1', 480]"
474,0,8,"['S229', '4', 398, 486]"
482,2,"['B4568', '-4', 488]"
484,2,11,"['S224', '1', 414, 502]"
497,2,"['B4512', '-1', 504]"
499,2,8,"['S229', '2', 422, 512]"
509,0,"['B1389', '-2', 512]"
509,1,9,"['S211', '1', 443, 532]"
519,1,"['B4512', '-1', 533]"
520,3,8,"['S196', '4', 446, 533]"
531,3,"['B4512', '-4', 536]"
534,3,11,"['S196', '3', 463, 552]"
548,1,"['B7129', '-3', 553]"
549,5,10,"['S224', '1', 547, 636]"
564,1,"['B6525', '-1', 637]"
565,1,8,"['S224', '1', 496, 584]"
574,2,"['B4512', '-1', 586]"
576,2,8,"['S229', '2', 498, 586]"
586,2,"['B4512', '-2', 588]"
588,3,9,"['S226', '2', 550, 637]"
600,3,"['B4512', '-2', 640]"
603,2,9,"['S223', '1', 550, 638]"
614,2,"['B4512', '-1', 640]"
616,2,8,"['S225', '1', 538, 626]"
626,2,"['B4512', '-1', 628]"
628,3,8,"['S196', '3', 554, 639]"
639,5,"['B8742', '-3', 644]"
644,1,10,"['S225', '1', 574, 662]"
655,2,"['B4512', '-1', 664]"
657,2,8,"['S224', '3', 582, 670]"
667,2,"['B4512', '-3', 672]"
669,2,10,"['S225', '1', 591, 681]"
681,0,"['B1389', '-1', 681]"
681,1,8,"['S211', '13', 607, 696]"
690,1,"['B4512', '-13', 697]"
691,2,16,"['S223', '1', 624, 712]"
709,2,"['B4512', '-1', 714]"
711,8,8,"['A094', '0']"
339,825
new crir
new task..............,hasoto,0
0,"['A094', '0']"
0,6,"['B0154', '25']"
6,1,20,"['B7769', '23']"
27,1,19,"['B8086', '34']"
47,2,22,"['B7129', '19']"
71,4,18,"['A094', '0']"
new task..............,hasoto,0
93,"['A094', '0']"
93,9,"['B6525', '31']"
102,2,22,"['B8742', '25']"
126,1,20,"['B1389', '3']"
147,2,10,"['B4568', '32']"
159,7,22,"['A094', '0']"
new task..............,hasoto,1
188,"['A094', '0']"
188,7,"['B4926', '55']"
195,1,27,"['S249', '6', 222, 309]"
223,3,"['B3199', '-6', 312]"
226,3,12,"['S249', '2', 217, 306]"
241,1,"['B5981', '-2', 307]"
242,3,9,"['S225', '5', 220, 307]"
254,3,"['B0805', '-5', 310]"
257,3,12,"['S225', '8', 222, 310]"
272,2,"['B4512', '-8', 312]"
274,2,13,"['S224', '1', 221, 309]"
289,2,"['B4568', '-1', 311]"
291,4,8,"['S248', '10', 223, 309]"
303,4,"['B2102', '-10', 313]"
307,5,14,"['S223', '1', 239, 328]"
326,1,"['B8742', '-1', 329]"
327,1,8,"['S225', '1', 248, 336]"
336,2,"['B4512', '-1', 338]"
338,2,8,"['S225', '3', 263, 353]"
348,0,"['B1389', '-3', 353]"
348,0,10,"['S224', '1', 270, 358]"
358,2,"['B4512', '-1', 360]"
360,2,8,"['S225', '11', 284, 372]"
370,2,"['B4512', '-11', 374]"
372,2,15,"['S229', '4', 308, 396]"
389,2,"['B4512', '-4', 398]"
391,2,11,"['S225', '1', 314, 404]"
404,0,"['B1389', '-1', 404]"
404,0,8,"['S225', '1', 328, 418]"
412,0,"['B1389', '-1', 418]"
412,0,8,"['S223', '1', 335, 423]"
420,2,"['B4512', '-1', 425]"
422,2,8,"['S224', '1', 342, 432]"
432,0,"['B1389', '-1', 432]"
432,0,8,"['S225', '1', 354, 442]"
440,2,"['B4512', '-1', 444]"
442,2,8,"['S224', '1', 366, 456]"
452,0,"['B1389', '-1', 456]"
452,3,8,"['S228', '4', 398, 470]"
463,18,"['B5946', '-4', 488]"
481,16,11,"['S229', '2', 425, 514]"
508,1,"['B8742', '-2', 515]"
509,1,9,"['S229', '1', 456, 544]"
519,2,"['B4512', '-1', 546]"
521,3,8,"['S222', '1', 459, 542]"
532,7,"['B8468', '-1', 549]"
539,8,8,"['S196', '2', 501, 583]"
555,8,"['B0689', '-2', 591]"
563,4,9,"['S229', '3', 575, 663]"
576,2,"['B4512', '-3', 665]"
578,3,10,"['S228', '4', 579, 666]"
591,3,"['B4512', '-4', 669]"
594,2,11,"['S225', '2', 583, 673]"
607,0,"['B1389', '-2', 673]"
607,0,9,"['S225', '6', 564, 652]"
616,2,"['B4512', '-6', 654]"
618,4,12,"['S181', '1', 578, 665]"
634,3,"['B4392', '-1', 668]"
637,4,8,"['S246', '3', 583, 668]"
649,5,"['B3177', '-3', 673]"
654,6,10,"['B1875', '41']"
670,1,24,"['B7982', '30']"
695,5,21,"['A094', '0']"
340,887
new crir
new task..............,hasoto,0
0,"['A094', '0']"
0,8,"['B8488', '42']"
8,1,24,"['B0298', '32']"
33,1,22,"['B8111', '36']"
56,2,23,"['B6931', '24']"
81,9,20,"['A094', '0']"
new task..............,hasoto,0
110,"['A094', '0']"
110,3,"['B1159', '45']"
113,1,25,"['B8334', '30']"
139,1,21,"['B4392', '45']"
161,4,25,"['A094', '0']"
new task..............,hasoto,1
190,"['A094', '0']"
190,11,"['B0049', '34']"
201,1,22,"['B2180', '70']"
224,1,30,"['B6719', '25']"
255,2,20,"['S224', '2', 224, 313]"
277,1,"['B8742', '-2', 314]"
278,1,9,"['S229', '6', 224, 312]"
288,2,"['B4512', '-6', 314]"
290,4,12,"['S185', '2', 225, 311]"
306,4,"['B4512', '-2', 315]"
310,2,9,"['S223', '1', 234, 322]"
321,2,"['B4568', '-1', 324]"
323,2,8,"['S229', '1', 245, 335]"
333,0,"['B1389', '-1', 335]"
333,0,8,"['S223', '1', 253, 342]"
341,1,"['B8742', '-1', 343]"
342,1,8,"['S225', '1', 265, 354]"
351,1,"['B8742', '-1', 355]"
352,1,8,"['S223', '1', 272, 361]"
361,1,"['B6525', '-1', 362]"
362,1,8,"['S229', '6', 285, 373]"
371,2,"['B4512', '-6', 375]"
373,2,12,"['S225', '1', 298, 387]"
387,1,"['B8742', '-1', 388]"
388,1,8,"['S224', '1', 310, 398]"
397,2,"['B4512', '-1', 400]"
399,3,8,"['S226', '5', 326, 411]"
410,5,"['B4351', '-5', 416]"
415,8,12,"['S224', '1', 346, 436]"
435,0,"['B1389', '-1', 436]"
435,0,8,"['S223', '1', 357, 447]"
443,0,"['B1389', '-1', 447]"
443,0,8,"['S225', '5', 368, 456]"
451,2,"['B4512', '-5', 458]"
453,8,12,"['A094', '0']"
341,650
new crir
new task..............,hasoto,0
0,"['A094', '0']"
0,1,"['B0201', '60']"
1,1,28,"['B4413', '31']"
30,3,22,"['B3054', '31']"
55,2,22,"['A094', '0']"
new task..............,hasoto,0
79,"['A094', '0']"
79,7,"['B2061', '53']"
86,2,27,"['B8975', '53']"
115,5,27,"['A094', '0']"
new task..............,hasoto,0
147,"['A094', '0']"
147,5,"['B3480', '43']"
152,1,25,"['B4098', '69']"
178,5,30,"['A094', '0']"
new task..............,hasoto,1
213,"['A094', '0']"
213,3,"['B8718', '39']"
216,8,24,"['S228', '3', 225, 312]"
248,3,"['B4512', '-3', 315]"
251,2,10,"['S225', '1', 226, 315]"
263,1,"['B8742', '-1', 316]"
264,2,8,"['S248', '19', 225, 311]"
274,4,"['B4512', '-19', 315]"
278,2,18,"['S223', '2', 225, 313]"
298,2,"['B4512', '-2', 315]"
300,4,9,"['S248', '8', 226, 313]"
313,3,"['B1389', '-8', 316]"
316,0,13,"['S229', '2', 239, 329]"
329,0,"['B1389', '-2', 329]"
329,0,9,"['S223', '3', 249, 339]"
338,0,"['B1389', '-3', 339]"
338,0,10,"['S225', '6', 266, 354]"
348,2,"['B4512', '-6', 356]"
350,2,12,"['S223', '1', 274, 364]"
364,0,"['B1389', '-1', 364]"
364,0,8,"['S224', '4', 293, 381]"
372,2,"['B4512', '-4', 383]"
374,2,11,"['S229', '6', 299, 387]"
387,2,"['B4512', '-6', 389]"
389,2,12,"['S223', '1', 316, 405]"
403,1,"['B6525', '-1', 406]"
404,1,8,"['S225', '14', 329, 417]"
413,2,"['B4512', '-14', 419]"
415,2,16,"['S229', '3', 345, 433]"
433,2,"['B4512', '-3', 435]"
435,1,10,"['S211', '18', 367, 447]"
446,10,"['B5173', '-18', 457]"
456,18,18,"['B1246', '25']"
492,1,20,"['B6443', '34']"
513,1,22,"['B1911', '40']"
536,5,24,"['A094', '0']"
342,739
new crir
new task..............,hasoto,0
0,"['A094', '0']"
0,3,"['B5250', '29']"
3,1,21,"['B6170', '54']"
25,2,27,"['A094', '0']"
new task..............,hasoto,0
54,"['A094', '0']"
54,2,"['B3099', '20']"
56,1,18,"['B8388', '28']"
75,1,21,"['B7482', '16']"
97,2,17,"['B8057', '40']"
116,3,24,"['A094', '0']"
new task..............,hasoto,1
143,"['A094', '0']"
143,4,"['B7289', '42']"
147,1,24,"['B3715', '44']"
172,2,25,"['B9017', '13']"
199,1,16,"['B4966', '26']"
216,13,20,"['S228', '7', 228, 317]"
249,1,"['B4568', '-7', 318]"
250,4,13,"['S248', '7', 228, 314]"
267,4,"['B4512', '-7', 318]"
271,4,13,"['S248', '4', 228, 316]"
288,2,"['B2180', '-4', 318]"
290,4,11,"['S246', '3', 227, 309]"
305,8,"['B1320', '-3', 317]"
313,11,10,"['S223', '1', 246, 334]"
334,2,"['B6719', '-1', 336]"
336,2,8,"['S224', '1', 258, 347]"
346,1,"['B6525', '-1', 348]"
347,1,8,"['S229', '2', 266, 356]"
356,0,"['B1389', '-2', 356]"
356,0,9,"['S225', '2', 276, 366]"
365,0,"['B1389', '-2', 366]"
365,3,9,"['S248', '10', 293, 381]"
377,2,"['B8742', '-10', 383]"
379,1,14,"['S229', '2', 308, 396]"
394,2,"['B4568', '-2', 398]"
396,1,9,"['S228', '2', 319, 406]"
406,3,"['B4512', '-2', 409]"
409,2,9,"['S225', '1', 335, 424]"
420,1,"['B8742', '-1', 425]"
421,6,8,"['S190', '1', 357, 446]"
435,1,"['B8086', '-1', 447]"
436,4,8,"['S228', '4', 371, 458]"
448,3,"['B4512', '-4', 461]"
451,8,11,"['A094', '0']"
new task..............,hasoto,1
242,"['A094', '0']"
242,4,"['B1386', '34']"
246,1,22,"['B6547', '28']"
269,9,21,"['S229', '2', 229, 318]"
299,1,"['B8742', '-2', 319]"
300,1,9,"['S225', '2', 229, 317]"
310,2,"['B4512', '-2', 319]"
312,2,9,"['S223', '1', 235, 323]"
323,2,"['B4512', '-1', 325]"
325,2,8,"['S223', '2', 247, 335]"
335,2,"['B4568', '-2', 337]"
337,0,9,"['S227', '1', 261, 348]"
346,3,"['B1389', '-1', 351]"
349,0,8,"['S225', '1', 270, 360]"
357,0,"['B1389', '-1', 360]"
357,0,8,"['S224', '2', 277, 367]"
365,0,"['B1389', '-2', 367]"
365,5,9,"['S249', '6', 293, 382]"
379,1,"['B5981', '-6', 383]"
380,2,12,"['S227', '1', 311, 400]"
394,1,"['B4926', '-1', 401]"
395,1,8,"['S228', '1', 321, 408]"
404,3,"['B1389', '-1', 411]"
407,0,8,"['S223', '1', 330, 419]"
415,1,"['B8742', '-1', 420]"
416,1,8,"['S225', '1', 338, 426]"
425,2,"['B4512', '-1', 428]"
427,3,8,"['S196', '1', 358, 441]"
438,7,"['B6755', '-1', 448]"
445,3,8,"['S248', '9', 374, 460]"
456,4,"['B4512', '-9', 464]"
460,5,14,"['B3803', '50']"
479,4,26,"['A094', '0']"
343,734
new crir
new task..............,hasoto,0
0,"['A094', '0']"
0,5,"['B1992', '29']"
5,1,21,"['B5737', '44']"
27,1,25,"['B4344', '37']"
53,3,23,"['A094', '0']"
new task..............,hasoto,0
79,"['A094', '0']"
79,4,"['B1085', '31']"
83,1,22,"['B8031', '38']"
106,4,23,"['B8591', '29']"
133,1,21,"['B7358', '13']"
155,1,16,"['B2931', '14']"
172,7,16,"['A094', '0']"
new task..............,hasoto,1
195,"['A094', '0']"
195,2,"['B4351', '36']"
197,1,23,"['B6599', '30']"
221,4,21,"['S185', '1', 246, 331]"
246,5,"['B4568', '-1', 336]"
251,2,8,"['S229', '8', 236, 324]"
261,2,"['B4512', '-8', 326]"
263,2,13,"['S224', '3', 236, 324]"
278,2,"['B4512', '-3', 326]"
280,1,10,"['S211', '12', 230, 314]"
291,6,"['B1432', '-12', 320]"
297,1,15,"['S246', '1', 234, 313]"
313,11,"['B1911', '-1', 324]"
324,12,8,"['S225', '4', 255, 345]"
344,0,"['B1389', '-4', 345]"
344,0,11,"['S223', '1', 267, 355]"
355,2,"['B4512', '-1', 357]"
357,2,8,"['S225', '3', 278, 367]"
367,1,"['B8742', '-3', 368]"
368,1,10,"['S225', '1', 294, 383]"
379,1,"['B6525', '-1', 384]"
380,1,8,"['S225', '1', 312, 400]"
389,2,"['B4512', '-1', 402]"
391,2,8,"['S223', '1', 313, 401]"
401,2,"['B4512', '-1', 403]"
403,4,8,"['S181', '2', 334, 418]"
415,6,"['B1911', '-2', 424]"
421,6,9,"['B5557', '52']"
436,1,27,"['A094', '0']"
344,641
new crir
new task..............,hasoto,1
229,"['A094', '0']"
229,7,"['S246', 1, 236, 318]"
236,3,"['S228', 13, 238, 325]"
239,3,"['S246', 2, 239, 321]"
242,6,"['S185', 3, 247, 333]"
248,6,"['S223', 1, 249, 338]"
254,0,"['S229', 9, 249, 337]"
254,0,"['S225', 4, 258, 347]"
254,0,"['S224', 1, 272, 360]"
254,0,"['S229', 3, 294, 383]"
254,3,"['S248', 17, 295, 384]"
257,3,"['S224', 1, 316, 404]"
260,0,"['S229', 1, 339, 429]"
260,0,"['S223', 1, 340, 428]"
260,0,"['S224', 1, 585, 675]"
260,0,"['S224', 1, 587, 675]"
260,2,"['S227', 1, 587, 674]"
262,5,"['S185', 2, 589, 669]"
267,6,"['S229', 1, 591, 679]"
273,3,"['S228', 3, 592, 679]"
276,3,"['S225', 1, 595, 683]"
279,0,"['S229', 2, 595, 685]"
279,3,"['S248', 10, 595, 683]"
282,9,"['S181', 3, 596, 685]"
291,6,"['S225', 6, 597, 685]"
297,3,"['S248', 12, 597, 683]"
300,8,"['S185', 1, 598, 684]"
308,6,"['S224', 4, 598, 686]"
314,5,"['S246', 4, 598, 683]"
319,3,"['S227', 1, 601, 688]"
322,3,"['S196', 3, 608, 695]"
325,5,"['S229', 4, 612, 702]"
330,0,"['S229', 2, 618, 707]"
330,9,"['A094', '0']"
345,0
new crir
new task..............,hasoto,1
241,"['A094', '0']"
241,9,"['S223', 3, 250, 338]"
250,2,"['S228', 23, 252, 339]"
252,2,"['S224', 1, 254, 343]"
254,5,"['S246', 3, 260, 342]"
259,5,"['S199', 4, 261, 340]"
264,6,"['S255', 1, 275, 364]"
270,3,"['S224', 3, 281, 369]"
273,2,"['S227', 2, 296, 383]"
275,0,"['S228', 1, 312, 399]"
275,5,"['S248', 11, 344, 429]"
280,3,"['S225', 12, 613, 701]"
283,0,"['S224', 2, 614, 704]"
283,0,"['S224', 4, 614, 702]"
283,3,"['S248', 13, 616, 703]"
286,3,"['S229', 1, 619, 707]"
289,5,"['S246', 2, 619, 704]"
294,8,"['S179', 3, 620, 708]"
302,5,"['S229', 1, 620, 708]"
307,0,"['S224', 2, 621, 706]"
307,3,"['S248', 12, 624, 713]"
310,3,"['S225', 7, 626, 714]"
313,3,"['S228', 2, 628, 715]"
316,7,"['A094', '0']"
346,0
new crir
new task..............,hasoto,1
253,"['A094', '0']"
253,9,"['S229', 2, 262, 336]"
262,5,"['S196', 2, 267, 353]"
267,5,"['S224', 4, 268, 356]"
272,0,"['S224', 1, 268, 356]"
272,0,"['S229', 2, 273, 359]"
272,3,"['S228', 1, 275, 362]"
275,2,"['S223', 1, 279, 367]"
277,2,"['S228', 1, 296, 385]"
279,0,"['S228', 1, 298, 385]"
279,7,"['A094', '0']"
347,0
new crir
new task..............,hasoto,1
271,"['A094', '0']"
271,11,"['S248', 13, 282, 370]"
282,3,"['S225', 23, 298, 386]"
285,5,"['S246', 3, 298, 382]"
290,5,"['S223', 1, 300, 388]"
295,1,"['S211', 3, 303, 383]"
296,8,"['A094', '0']"
348,0
new crir
new task..............,hasoto,1
296,"['A094', '0']"
296,7,"['S249', 5, 303, 389]"
303,7,"['S181', 1, 309, 394]"
310,6,"['S224', 1, 321, 395]"
316,9,"['A094', '0']"
349,0
