new crir
new task..............,hasoto,0
0,"['A006', '0']"
0,2,"['B2125', '18']"
2,2,18,"['B8363', '15']"
22,2,17,"['B0004', '4']"
41,8,11,"['B3720', '54']"
60,3,27,"['B3535', '26']"
90,6,20,"['B6759', '17']"
116,7,17,"['A006', '0']"
new task..............,hasoto,1
140,"['A007', '0']"
140,15,"['B5339', '22']"
155,5,19,"['B4732', '7']"
179,2,13,"['B3242', '30']"
194,22,21,"['S537', '2', 222, 309]"
237,3,"['B4021', '-2', 312]"
240,4,9,"['S545', '4', 216, 306]"
253,0,"['B7705', '-4', 306]"
253,1,11,"['S541', '2', 216, 269]"
265,37,"['B1101', '-2', 306]"
302,35,9,"['S543', '1', 259, 346]"
346,3,"['B3166', '-1', 349]"
349,6,8,"['S541', '1', 278, 367]"
363,1,"['B0224', '-1', 368]"
364,1,8,"['S541', '3', 296, 383]"
373,3,"['B4021', '-3', 386]"
376,3,10,"['S537', '2', 304, 393]"
389,1,"['B2452', '-2', 394]"
390,2,9,"['S541', '1', 316, 405]"
401,1,"['B0224', '-1', 406]"
402,3,8,"['S537', '3', 325, 414]"
413,1,"['B0927', '-3', 415]"
414,2,10,"['S538', '1', 356, 445]"
426,1,"['B7831', '-1', 446]"
427,2,8,"['S537', '3', 350, 437]"
437,3,"['B4021', '-3', 440]"
440,3,10,"['S541', '1', 382, 471]"
453,1,"['B7705', '-1', 472]"
454,1,8,"['S541', '2', 413, 501]"
463,2,"['B2448', '-2', 503]"
465,18,9,"['S548', '2', 457, 531]"
492,16,"['B3517', '-2', 547]"
508,12,9,"['S547', '1', 513, 602]"
529,1,"['B7705', '-1', 603]"
530,0,8,"['S545', '1', 530, 620]"
538,0,"['B7705', '-1', 620]"
538,0,8,"['S545', '1', 535, 623]"
546,2,"['B0224', '-1', 625]"
548,2,8,"['S545', '1', 548, 637]"
558,1,"['B2448', '-1', 638]"
559,1,8,"['S545', '2', 562, 652]"
568,0,"['B7705', '-2', 652]"
568,2,9,"['S537', '4', 543, 630]"
579,3,"['B3166', '-4', 633]"
582,2,11,"['S540', '4', 540, 630]"
595,0,"['B7282', '-4', 630]"
595,20,11,"['B9183', '15']"
626,2,17,"['B1089', '10']"
645,1,14,"['B6348', '20']"
660,2,18,"['B6935', '11']"
680,2,15,"['B7930', '13']"
697,7,16,"['A007', '0']"
17,850
new crir
new task..............,hasoto,0
0,"['A007', '0']"
0,10,"['B6037', '78']"
10,1,31,"['B3868', '10']"
42,1,14,"['B1626', '44']"
57,11,25,"['A007', '0']"
new task..............,hasoto,0
93,"['A007', '0']"
93,13,"['B4887', '34']"
106,1,22,"['B1803', '32']"
129,2,22,"['B4110', '32']"
153,13,22,"['A007', '0']"
new task..............,hasoto,1
188,"['A007', '0']"
188,4,"['B5925', '18']"
192,2,18,"['B4343', '15']"
212,11,17,"['S540', '2', 223, 307]"
240,6,"['B4021', '-2', 313]"
246,4,9,"['S544', '1', 229, 317]"
259,2,"['B5526', '-1', 319]"
261,2,8,"['S539', '1', 228, 317]"
271,1,"['B0224', '-1', 318]"
272,1,8,"['S541', '2', 226, 315]"
281,1,"['B0224', '-2', 316]"
282,1,9,"['S541', '2', 222, 306]"
292,6,"['B7282', '-2', 312]"
298,5,9,"['S542', '5', 232, 312]"
312,10,"['B4424', '-5', 322]"
322,10,12,"['S539', '1', 257, 346]"
344,1,"['B7705', '-1', 347]"
345,0,8,"['S545', '1', 266, 356]"
353,0,"['B7705', '-1', 356]"
353,0,8,"['S544', '1', 275, 361]"
361,4,"['B4021', '-1', 365]"
365,4,8,"['S545', '2', 296, 384]"
377,2,"['B0224', '-2', 386]"
379,6,9,"['S540', '2', 310, 400]"
394,0,"['B7282', '-2', 400]"
394,1,9,"['S543', '1', 324, 413]"
404,1,"['B7282', '-1', 414]"
405,2,8,"['S538', '1', 331, 420]"
415,1,"['B7831', '-1', 421]"
416,15,8,"['B0239', '30']"
439,1,21,"['B4215', '51']"
461,3,26,"['B2679', '5']"
490,5,12,"['B3465', '12']"
507,3,15,"['B0943', '4']"
525,13,11,"['S544', '1', 537, 550]"
549,77,"['B1576', '-1', 627]"
626,77,8,"['S547', '2', 625, 713]"
711,2,"['B0224', '-2', 715]"
713,15,9,"['A007', '0']"
18,891
new crir
new task..............,hasoto,0
0,"['A007', '0']"
0,9,"['B3166', '11']"
9,2,15,"['B7831', '42']"
26,2,24,"['B7282', '33']"
52,2,22,"['B2128', '23']"
76,3,19,"['B7823', '8']"
98,1,13,"['B4073', '13']"
112,2,16,"['B1232', '10']"
130,14,14,"['A007', '0']"
new task..............,hasoto,1
158,"['A007', '0']"
158,16,"['B0922', '18']"
174,2,18,"['B2183', '48']"
194,2,26,"['B5526', '31']"
222,2,22,"['S545', '2', 233, 323]"
246,0,"['B7705', '-2', 323]"
246,1,9,"['S541', '1', 234, 321]"
256,3,"['B4021', '-1', 324]"
259,3,8,"['S541', '3', 239, 323]"
270,6,"['B7282', '-3', 329]"
276,1,10,"['S543', '1', 236, 291]"
287,35,"['B1101', '-1', 326]"
322,35,8,"['S543', '3', 278, 367]"
365,1,"['B7282', '-3', 368]"
366,3,10,"['S537', '2', 313, 392]"
379,11,"['B4708', '-2', 403]"
390,13,9,"['S541', '1', 330, 414]"
412,6,"['B7282', '-1', 420]"
418,10,8,"['A007', '0']"
new task..............,hasoto,1
260,"['A007', '0']"
260,3,"['B7284', '11']"
263,12,15,"['S540', '1', 240, 324]"
290,6,"['B4021', '-1', 330]"
296,4,8,"['S545', '2', 242, 332]"
308,0,"['B7705', '-2', 332]"
308,2,9,"['S537', '6', 237, 324]"
319,3,"['B4021', '-6', 327]"
322,3,12,"['S539', '1', 248, 337]"
337,1,"['B7705', '-1', 338]"
338,1,8,"['S541', '2', 258, 347]"
347,1,"['B7705', '-2', 348]"
348,0,9,"['S545', '1', 279, 369]"
357,0,"['B7705', '-1', 369]"
357,1,8,"['S541', '1', 282, 366]"
366,6,"['B3166', '-1', 372]"
372,2,8,"['S540', '3', 314, 398]"
382,6,"['B4021', '-3', 404]"
388,3,10,"['S541', '3', 333, 418]"
401,5,"['B2034', '-3', 423]"
406,21,10,"['B6784', '23']"
437,1,19,"['B0638', '17']"
457,1,17,"['B8682', '25']"
475,7,20,"['B2141', '12']"
502,6,15,"['B1636', '17']"
523,4,17,"['B4478', '14']"
544,18,16,"['S544', '1', 572, 658]"
578,4,"['B2117', '-1', 662]"
582,4,8,"['S545', '3', 585, 675]"
594,0,"['B7705', '-3', 675]"
594,1,10,"['S539', '1', 598, 611]"
605,77,"['B1576', '-1', 688]"
682,69,8,"['A007', '0']"
19,878
new crir
new task..............,hasoto,0
0,"['A007', '0']"
0,14,"['B2448', '25']"
14,4,20,"['B5683', '62']"
38,3,29,"['B2117', '35']"
70,14,23,"['A007', '0']"
new task..............,hasoto,1
107,"['A007', '0']"
107,8,"['B5542', '22']"
115,2,19,"['B3771', '23']"
136,2,19,"['B2879', '13']"
157,2,16,"['B8895', '4']"
175,2,11,"['B6814', '2']"
188,2,9,"['B7913', '2']"
199,2,9,"['B7493', '15']"
210,11,17,"['S541', '1', 225, 238]"
238,77,"['B1576', '-1', 315]"
315,77,8,"['S545', '2', 314, 400]"
400,4,"['B4021', '-2', 404]"
404,6,9,"['S540', '1', 339, 423]"
419,6,"['B4021', '-1', 429]"
425,6,8,"['B1362', '12']"
439,9,15,"['S537', '3', 451, 466]"
463,75,"['B1576', '-3', 541]"
538,68,10,"['B0815', '11']"
616,11,15,"['S540', '2', 614, 704]"
642,0,"['B7282', '-2', 704]"
642,1,9,"['S543', '3', 611, 694]"
652,7,"['B4021', '-3', 701]"
659,6,10,"['S540', '1', 600, 684]"
675,6,"['B4021', '-1', 690]"
681,6,8,"['S540', '1', 616, 704]"
695,2,"['B3166', '-1', 706]"
697,4,8,"['S542', '3', 626, 714]"
709,2,"['B2452', '-3', 716]"
711,13,10,"['A007', '0']"
20,821
new crir
new task..............,hasoto,0
0,"['A007', '0']"
0,8,"['B2993', '8']"
8,2,13,"['B6460', '19']"
23,3,18,"['B2529', '15']"
44,5,17,"['B4359', '15']"
66,5,17,"['B3155', '16']"
88,6,17,"['B6503', '10']"
111,3,14,"['B3619', '10']"
128,4,14,"['B3798', '15']"
146,6,17,"['B0529', '12']"
169,8,15,"['A007', '0']"
new task..............,hasoto,1
192,"['A007', '0']"
192,13,"['B4021', '55']"
205,3,27,"['S541', '2', 234, 247]"
235,77,"['B1576', '-2', 324]"
312,65,9,"['B4708', '19']"
386,3,18,"['B6496', '6']"
407,5,12,"['A007', '0']"
new task..............,hasoto,1
280,"['A007', '0']"
280,6,"['B0056', '80']"
286,13,32,"['S537', '3', 251, 338]"
331,3,"['B7282', '-3', 341]"
334,3,10,"['S537', '2', 265, 352]"
347,3,"['B4021', '-2', 355]"
350,4,9,"['S547', '1', 282, 371]"
363,1,"['B7705', '-1', 372]"
364,14,8,"['A007', '0']"
21,652
new crir
new task..............,hasoto,0
0,"['A007', '0']"
0,14,"['B7705', '53']"
14,2,27,"['B4599', '41']"
43,1,24,"['B0927', '31']"
68,11,22,"['A007', '0']"
new task..............,hasoto,0
101,"['A007', '0']"
101,3,"['B2420', '15']"
104,3,17,"['B2757', '51']"
124,2,26,"['B1230', '25']"
152,3,20,"['B5217', '27']"
175,4,21,"['B5207', '11']"
200,1,15,"['A007', '0']"
new task..............,hasoto,1
216,"['A007', '0']"
216,12,"['B5363', '72']"
228,1,30,"['B2800', '28']"
259,19,21,"['S543', '2', 255, 338]"
299,7,"['B4021', '-2', 345]"
306,6,9,"['S540', '1', 243, 327]"
321,6,"['B4021', '-1', 333]"
327,7,8,"['S543', '3', 266, 349]"
342,7,"['B4021', '-3', 356]"
349,3,10,"['S541', '6', 283, 367]"
362,6,"['B7282', '-6', 373]"
368,10,12,"['A007', '0']"
new task..............,hasoto,1
292,"['A007', '0']"
292,13,"['B6715', '42']"
305,2,24,"['S537', '5', 269, 356]"
331,3,"['B3166', '-5', 359]"
334,6,12,"['S541', '1', 286, 371]"
352,5,"['B2034', '-1', 376]"
357,5,8,"['S541', '4', 288, 372]"
370,6,"['B7282', '-4', 378]"
376,6,11,"['B0224', '9']"
393,2,14,"['B2452', '49']"
409,13,26,"['A007', '0']"
22,716
new crir
new task..............,hasoto,1
246,"['A007', '0']"
246,12,"['S537', 2, 258, 273]"
258,2,"['S546', 2, 559, 572]"
260,2,"['S539', 1, 612, 625]"
262,15,"['A007', '0']"
23,0
new crir
new task..............,hasoto,1
247,"['A007', '0']"
247,15,"['S545', 1, 262, 275]"
262,2,"['S537', 3, 613, 628]"
264,12,"['A007', '0']"
24,0
new crir
new task..............,hasoto,1
259,"['A007', '0']"
259,15,"['S545', 1, 274, 287]"
274,15,"['A007', '0']"
25,0
new crir
new task..............,hasoto,1
271,"['A007', '0']"
271,15,"['S545', 1, 286, 299]"
286,15,"['A007', '0']"
26,0
new crir
new task..............,hasoto,1
274,"['A007', '0']"
274,13,"['S548', 1, 287, 353]"
287,13,"['S543', 1, 315, 370]"
300,9,"['A007', '0']"
27,0
new crir
new task..............,hasoto,1
300,"['A007', '0']"
300,15,"['S545', 5, 315, 328]"
315,15,"['A007', '0']"
28,0
new crir
new task..............,hasoto,1
305,"['A007', '0']"
305,15,"['S541', 1, 320, 333]"
320,15,"['A007', '0']"
29,0
