new crir
new task..............,hasoto,0
0,"['A008', '0']"
0,12,"['B3769', '7']"
12,2,13,"['B8638', '5']"
27,4,12,"['B1419', '4']"
43,5,11,"['B4997', '5']"
59,4,12,"['B2245', '1']"
75,4,8,"['B6273', '6']"
87,3,12,"['B3213', '6']"
102,5,12,"['B4074', '46']"
119,1,25,"['B0330', '29']"
145,13,21,"['B1595', '2']"
179,4,9,"['B3235', '11']"
192,2,15,"['B5835', '15']"
209,11,17,"['A008', '0']"
new task..............,hasoto,1
237,"['A009', '0']"
237,7,"['B1870', '52']"
244,13,27,"['S065', '1', 211, 297]"
284,4,"['B1499', '-1', 301]"
288,3,8,"['S063', '1', 211, 300]"
299,1,"['B0523', '-1', 301]"
300,1,8,"['S065', '2', 226, 310]"
309,6,"['B5067', '-2', 316]"
315,4,9,"['S061', '2', 241, 330]"
328,1,"['B1958', '-2', 331]"
329,0,9,"['S063', '1', 252, 339]"
338,3,"['B1499', '-1', 342]"
341,4,8,"['S065', '4', 265, 354]"
353,1,"['B1958', '-4', 355]"
354,1,11,"['S065', '1', 279, 367]"
366,2,"['B3434', '-1', 369]"
368,1,8,"['S062', '2', 287, 377]"
377,0,"['B1958', '-2', 377]"
377,1,9,"['S065', '2', 300, 387]"
387,3,"['B2739', '-2', 390]"
390,3,9,"['S062', '1', 338, 428]"
402,0,"['B1958', '-1', 428]"
402,0,8,"['S064', '1', 326, 416]"
410,0,"['B1958', '-1', 416]"
410,1,8,"['S065', '2', 334, 419]"
419,5,"['B4587', '-2', 424]"
424,5,9,"['S062', '1', 374, 463]"
438,1,"['B7798', '-1', 464]"
439,1,8,"['S062', '3', 367, 451]"
448,6,"['B2063', '-3', 457]"
454,6,10,"['S061', '3', 385, 473]"
470,2,"['B1499', '-3', 475]"
472,4,10,"['S065', '2', 421, 510]"
486,1,"['B7798', '-2', 511]"
487,1,9,"['S065', '4', 440, 525]"
497,5,"['B6676', '-4', 530]"
502,12,11,"['S070', '1', 440, 529]"
525,1,"['B8103', '-1', 530]"
526,7,8,"['S065', '1', 486, 575]"
541,1,"['B1958', '-1', 576]"
542,0,8,"['S062', '1', 463, 552]"
550,1,"['B3434', '-1', 553]"
551,27,8,"['S068', '1', 506, 596]"
586,0,"['B3921', '-1', 596]"
586,27,8,"['S065', '2', 533, 622]"
621,1,"['B7798', '-2', 623]"
622,1,9,"['S062', '1', 589, 679]"
632,0,"['B1958', '-1', 679]"
632,1,8,"['S065', '2', 552, 641]"
641,1,"['B7798', '-2', 642]"
642,1,9,"['S065', '2', 566, 652]"
652,4,"['B3435', '-2', 656]"
656,13,9,"['B4714', '29']"
678,2,21,"['B0825', '22']"
701,7,19,"['A009', '0']"
33,955
new crir
new task..............,hasoto,0
0,"['A009', '0']"
0,16,"['B4306', '3']"
16,6,10,"['B2739', '42']"
32,9,24,"['B4274', '3']"
65,7,10,"['B6773', '1']"
82,16,8,"['B1423', '11']"
106,4,15,"['B3921', '24']"
125,1,20,"['B9203', '33']"
146,2,22,"['B3994', '18']"
170,25,18,"['A009', '0']"
new task..............,hasoto,1
213,"['A009', '0']"
213,11,"['B0038', '41']"
224,5,24,"['S065', '1', 218, 306]"
253,2,"['B2853', '-1', 308]"
255,2,8,"['S065', '1', 216, 305]"
265,1,"['B1958', '-1', 306]"
266,0,8,"['S064', '1', 215, 305]"
274,0,"['B1958', '-1', 305]"
274,1,8,"['S065', '4', 219, 287]"
283,22,"['B0679', '-4', 309]"
305,22,11,"['S065', '3', 253, 342]"
338,1,"['B0523', '-3', 343]"
339,1,10,"['S062', '5', 261, 351]"
350,0,"['B1958', '-5', 351]"
350,0,12,"['S062', '2', 285, 369]"
362,6,"['B0318', '-2', 375]"
368,6,9,"['S065', '3', 298, 384]"
383,4,"['B1499', '-3', 388]"
387,2,10,"['S061', '4', 339, 424]"
399,5,"['B0318', '-4', 429]"
404,6,11,"['S065', '2', 337, 425]"
421,2,"['B3434', '-2', 427]"
423,2,9,"['S065', '1', 396, 482]"
434,4,"['B3435', '-1', 486]"
438,4,8,"['S063', '1', 379, 466]"
450,3,"['B2739', '-1', 469]"
453,24,8,"['S072', '5', 400, 487]"
485,3,"['B5456', '-5', 490]"
488,24,12,"['S071', '3', 445, 528]"
524,7,"['B3045', '-3', 535]"
531,8,10,"['S062', '2', 525, 611]"
549,4,"['B3435', '-2', 615]"
553,4,9,"['S065', '1', 511, 596]"
566,5,"['B4587', '-1', 601]"
571,5,8,"['S065', '2', 571, 656]"
584,5,"['B4587', '-2', 661]"
589,4,9,"['S066', '1', 568, 657]"
602,1,"['B5042', '-1', 658]"
603,1,8,"['S062', '2', 567, 654]"
612,3,"['B1499', '-2', 657]"
615,27,9,"['S068', '1', 568, 654]"
651,4,"['B5456', '-1', 658]"
655,24,8,"['B5409', '66']"
687,11,29,"['A009', '0']"
34,921
new crir
new task..............,hasoto,0
0,"['A009', '0']"
0,6,"['B5016', '5']"
6,3,12,"['B5164', '27']"
21,1,21,"['B3954', '94']"
43,7,34,"['A009', '0']"
new task..............,hasoto,0
84,"['A009', '0']"
84,12,"['B3957', '51']"
96,1,26,"['B4987', '27']"
123,6,21,"['B1644', '36']"
150,11,23,"['A009', '0']"
new task..............,hasoto,1
184,"['A009', '0']"
184,12,"['B5919', '10']"
196,1,14,"['B1570', '12']"
211,3,15,"['B6059', '9']"
229,5,14,"['B7799', '6']"
248,3,12,"['B4366', '13']"
263,21,16,"['S065', '2', 227, 315]"
300,2,"['B3434', '-2', 317]"
302,0,9,"['S061', '2', 230, 314]"
311,6,"['B4587', '-2', 320]"
317,5,9,"['S065', '3', 242, 331]"
331,1,"['B1958', '-3', 332]"
332,0,10,"['S062', '3', 254, 344]"
342,0,"['B1958', '-3', 344]"
342,1,10,"['S065', '2', 269, 356]"
353,3,"['B2739', '-2', 359]"
356,3,9,"['S065', '2', 291, 380]"
368,1,"['B1958', '-2', 381]"
369,1,9,"['S065', '2', 290, 379]"
379,1,"['B0523', '-2', 380]"
380,1,9,"['S062', '1', 306, 393]"
390,3,"['B1499', '-1', 396]"
393,4,8,"['S065', '1', 344, 433]"
405,1,"['B0523', '-1', 434]"
406,1,8,"['S061', '2', 351, 417]"
415,24,"['B0679', '-2', 441]"
439,25,9,"['B0624', '12']"
473,3,15,"['B7664', '4']"
491,3,11,"['B4999', '16']"
505,1,17,"['B1107', '33']"
523,2,22,"['B5978', '25']"
547,1,20,"['A009', '0']"
35,713
new crir
new task..............,hasoto,0
0,"['A009', '0']"
0,23,"['B0671', '48']"
23,1,26,"['B2314', '25']"
50,2,20,"['B8627', '61']"
72,23,28,"['A009', '0']"
new task..............,hasoto,1
123,"['A009', '0']"
123,7,"['B7610', '16']"
130,4,17,"['B3045', '27']"
151,1,21,"['B9174', '28']"
173,3,21,"['B0266', '14']"
197,2,16,"['B9077', '10']"
215,3,14,"['B2178', '26']"
232,3,20,"['B7499', '5']"
255,14,12,"['S065', '1', 235, 324]"
281,1,"['B7798', '-1', 325]"
282,26,8,"['S073', '1', 230, 317]"
316,3,"['B3921', '-1', 320]"
319,0,8,"['S068', '1', 250, 336]"
327,4,"['B5456', '-1', 340]"
331,4,8,"['S068', '4', 258, 347]"
343,1,"['B9203', '-4', 348]"
344,1,11,"['S067', '12', 310, 400]"
356,0,"['B3921', '-12', 400]"
356,0,15,"['S067', '6', 299, 385]"
371,4,"['B5456', '-6', 389]"
375,3,12,"['S073', '2', 307, 393]"
390,4,"['B5589', '-2', 397]"
394,6,9,"['S067', '13', 365, 454]"
409,1,"['B9203', '-13', 455]"
410,27,16,"['A009', '0']"
new task..............,hasoto,1
270,"['A009', '0']"
270,10,"['B1937', '50']"
280,6,26,"['S065', '1', 238, 324]"
312,4,"['B3435', '-1', 328]"
316,4,8,"['S065', '1', 242, 328]"
328,4,"['B7544', '-1', 332]"
332,4,8,"['S065', '2', 258, 347]"
344,1,"['B7798', '-2', 348]"
345,1,9,"['S065', '2', 270, 359]"
355,1,"['B0523', '-2', 360]"
356,1,9,"['S062', '2', 285, 367]"
366,8,"['B7074', '-2', 375]"
374,7,9,"['S061', '2', 308, 398]"
390,0,"['B3434', '-2', 398]"
390,6,9,"['B2994', '73']"
405,1,31,"['B8777', '12']"
437,11,15,"['A009', '0']"
36,724
new crir
new task..............,hasoto,0
0,"['A009', '0']"
0,11,"['B8103', '20']"
11,1,18,"['B3644', '47']"
30,3,26,"['B7933', '43']"
59,1,25,"['B2100', '8']"
85,13,13,"['A009', '0']"
new task..............,hasoto,1
111,"['A009', '0']"
111,12,"['B0438', '18']"
123,10,18,"['B5589', '24']"
151,1,20,"['B9141', '25']"
172,2,20,"['B0955', '25']"
194,5,20,"['B3302', '9']"
219,10,14,"['S073', '2', 242, 327]"
243,5,"['B0955', '-2', 332]"
248,9,9,"['B3630', '33']"
266,21,22,"['S065', '1', 246, 328]"
309,8,"['B4239', '-1', 336]"
317,8,8,"['S065', '1', 250, 336]"
333,4,"['B3435', '-1', 340]"
337,3,8,"['S061', '3', 268, 352]"
348,6,"['B4587', '-3', 358]"
354,5,10,"['S064', '1', 292, 381]"
369,1,"['B3434', '-1', 382]"
370,9,8,"['S070', '2', 303, 391]"
387,2,"['B3300', '-2', 393]"
389,9,9,"['A009', '0']"
new task..............,hasoto,1
270,"['A009', '0']"
270,10,"['B1531', '48']"
280,21,26,"['S068', '1', 252, 341]"
327,1,"['B9203', '-1', 342]"
328,1,8,"['S067', '15', 310, 399]"
337,1,"['B9203', '-15', 400]"
338,24,17,"['B3300', '74']"
379,9,31,"['A009', '0']"
37,670
new crir
new task..............,hasoto,0
0,"['A009', '0']"
0,24,"['B6644', '18']"
24,1,18,"['B4262', '47']"
43,25,26,"['A009', '0']"
new task..............,hasoto,1
94,"['A009', '0']"
94,12,"['B4408', '19']"
106,2,18,"['B8163', '21']"
126,22,19,"['B7024', '4']"
167,6,11,"['B3624', '3']"
184,4,10,"['B8780', '3']"
198,2,10,"['B2307', '6']"
210,4,12,"['B5049', '23']"
226,3,19,"['B0060', '6']"
248,4,12,"['B3093', '9']"
264,4,14,"['B7085', '4']"
282,4,11,"['B1700', '21']"
297,7,19,"['B7104', '1']"
323,18,8,"['S062', '3', 271, 361]"
349,0,"['B1958', '-3', 361]"
349,1,10,"['S065', '1', 275, 361]"
360,4,"['B1499', '-1', 365]"
364,19,8,"['A009', '0']"
38,469
new crir
new task..............,hasoto,0
0,"['A009', '0']"
0,8,"['B0496', '9']"
8,3,14,"['B7418', '13']"
25,4,16,"['B5113', '16']"
45,2,17,"['B5862', '4']"
64,2,11,"['B5035', '7']"
77,3,13,"['B2361', '11']"
93,5,15,"['B7376', '13']"
113,2,16,"['B0701', '18']"
131,1,18,"['B8549', '5']"
150,3,12,"['B4065', '8']"
165,5,13,"['B4520', '11']"
183,7,15,"['B0141', '8']"
205,5,13,"['B1908', '8']"
223,15,13,"['A009', '0']"
39,251
new crir
new task..............,hasoto,1
260,"['A009', '0']"
260,16,"['S065', 2, 276, 360]"
276,1,"['S062', 3, 587, 676]"
277,1,"['S065', 1, 588, 673]"
278,0,"['S065', 3, 599, 684]"
278,0,"['S066', 1, 599, 684]"
278,1,"['S062', 4, 600, 687]"
279,1,"['S065', 3, 600, 683]"
280,1,"['S061', 5, 601, 689]"
281,1,"['S065', 3, 606, 695]"
282,1,"['S064', 1, 609, 699]"
283,1,"['S061', 4, 612, 700]"
284,1,"['S062', 2, 613, 700]"
285,0,"['S062', 1, 614, 703]"
285,0,"['S064', 1, 616, 706]"
285,1,"['S061', 2, 621, 710]"
286,1,"['S065', 2, 624, 713]"
287,1,"['S061', 4, 627, 713]"
288,1,"['S062', 1, 627, 717]"
289,0,"['S062', 3, 627, 716]"
289,1,"['S065', 7, 629, 718]"
290,16,"['A009', '0']"
40,0
