new crir
new task..............,hasoto,0
0,"['A019', '0']"
0,23,"['B3681', '4']"
23,4,11,"['B4254', '36']"
38,1,23,"['B1471', '10']"
62,1,14,"['B1227', '10']"
77,3,14,"['B8330', '13']"
94,3,16,"['B8219', '7']"
113,2,13,"['B7670', '13']"
128,3,16,"['B8017', '4']"
147,4,11,"['B3928', '2']"
162,9,9,"['B6165', '4']"
180,2,11,"['B8554', '2']"
193,3,9,"['B1244', '17']"
205,18,17,"['A019', '0']"
new task..............,hasoto,1
240,"['A020', '0']"
240,51,"['B2709', '8']"
291,8,13,"['B1748', '44']"
312,13,25,"['S343', '3', 267, 355]"
350,2,"['B0097', '-3', 357]"
352,34,10,"['S371', '1', 309, 397]"
396,2,"['B0093', '-1', 399]"
398,5,8,"['S364', '1', 323, 411]"
411,2,"['B6335', '-1', 413]"
413,8,8,"['S431', '5', 349, 433]"
429,6,"['B4061', '-5', 439]"
435,5,12,"['S364', '1', 401, 483]"
452,8,"['B4606', '-1', 491]"
460,31,8,"['B0631', '43']"
499,35,25,"['S371', '1', 473, 561]"
559,2,"['B0093', '-1', 563]"
561,31,8,"['B5239', '22']"
600,36,19,"['S389', '2', 580, 667]"
655,3,"['B1019', '-2', 670]"
658,35,9,"['B5094', '11']"
702,42,15,"['A020', '0']"
74,918
new crir
new task..............,hasoto,0
0,"['A020', '0']"
0,27,"['B4916', '15']"
27,2,17,"['B6335', '18']"
46,1,18,"['B1019', '31']"
65,2,22,"['B4528', '20']"
89,2,18,"['B5422', '12']"
109,2,15,"['B8709', '7']"
126,1,13,"['B1776', '15']"
140,5,17,"['B7475', '1']"
162,5,8,"['B1116', '7']"
175,13,13,"['A020', '0']"
new task..............,hasoto,1
201,"['A020', '0']"
201,33,"['B0025', '94']"
234,38,34,"['S383', '2', 225, 312]"
306,3,"['B6335', '-2', 315]"
309,2,9,"['S371', '1', 237, 325]"
320,2,"['B0093', '-1', 327]"
322,2,8,"['S371', '1', 247, 336]"
332,1,"['B1019', '-1', 337]"
333,3,8,"['S389', '1', 263, 346]"
344,7,"['B4606', '-1', 353]"
351,6,8,"['S372', '5', 281, 370]"
365,1,"['B1019', '-5', 371]"
366,2,12,"['S364', '1', 292, 380]"
380,2,"['B1019', '-1', 382]"
382,2,8,"['S364', '1', 311, 399]"
392,2,"['B1019', '-1', 401]"
394,2,8,"['S364', '1', 369, 451]"
404,8,"['B4606', '-1', 459]"
412,4,8,"['S371', '1', 356, 442]"
424,4,"['B4606', '-1', 446]"
428,37,8,"['B8169', '46']"
473,33,25,"['A020', '0']"
75,711
new crir
new task..............,hasoto,0
0,"['A020', '0']"
0,30,"['B8171', '8']"
30,2,13,"['B5733', '12']"
45,2,15,"['B2525', '31']"
62,1,22,"['B7995', '29']"
85,2,21,"['B0680', '55']"
108,31,27,"['A020', '0']"
new task..............,hasoto,1
166,"['A020', '0']"
166,34,"['B2437', '21']"
200,27,19,"['S389', '1', 218, 305]"
246,3,"['B4061', '-1', 308]"
249,3,8,"['S389', '2', 247, 331]"
260,6,"['B0093', '-2', 337]"
266,2,9,"['S383', '3', 269, 356]"
277,3,"['B1019', '-3', 359]"
280,1,10,"['S371', '1', 264, 348]"
291,6,"['B7588', '-1', 354]"
297,22,8,"['B5008', '16']"
327,3,17,"['B8562', '20']"
347,2,18,"['B1856', '17']"
367,2,17,"['B8672', '10']"
386,1,14,"['B3032', '8']"
401,2,13,"['B5115', '7']"
416,4,13,"['B4930', '5']"
433,2,12,"['B6162', '10']"
447,8,14,"['B5275', '7']"
469,25,13,"['A020', '0']"
76,659
new crir
new task..............,hasoto,0
0,"['A020', '0']"
0,36,"['B8820', '45']"
36,1,25,"['B1356', '32']"
62,1,22,"['B6579', '39']"
85,1,24,"['B7424', '21']"
110,37,19,"['A020', '0']"
new task..............,hasoto,0
166,"['A020', '0']"
166,35,"['B1149', '3']"
201,2,10,"['B5361', '22']"
213,2,19,"['B0693', '92']"
234,31,34,"['A020', '0']"
new task..............,hasoto,0
299,"['A020', '0']"
299,36,"['B1415', '22']"
335,3,19,"['B6793', '4']"
357,1,11,"['B2058', '21']"
369,1,19,"['B7532', '45']"
389,2,25,"['B8360', '16']"
416,34,17,"['A020', '0']"
new task..............,hasoto,1
467,"['A020', '0']"
467,38,"['B0097', '63']"
505,2,29,"['B4792', '48']"
536,39,26,"['S364', '1', 598, 684]"
601,4,"['B6121', '-1', 688]"
605,4,8,"['S389', '1', 594, 681]"
617,3,"['B1019', '-1', 684]"
620,27,8,"['A020', '0']"
77,1106
