new crir
new task..............,hasoto,0
0,"['A023', '0']"
0,9,"['B4266', '43']"
9,2,25,"['B5150', '13']"
36,6,16,"['B6592', '7']"
58,5,13,"['B4560', '8']"
76,4,13,"['B1621', '5']"
93,4,12,"['B4067', '19']"
109,4,18,"['B7608', '5']"
131,7,12,"['A023', '0']"
new task..............,hasoto,1
150,"['A023', '0']"
150,45,"['B2232', '15']"
195,40,17,"['S314', '3', 233, 314]"
252,9,"['B4469', '-3', 323]"
261,9,10,"['S314', '3', 230, 315]"
280,5,"['B3979', '-3', 320]"
285,5,10,"['S314', '1', 222, 310]"
300,2,"['B4068', '-1', 312]"
302,2,8,"['S314', '3', 271, 358]"
312,3,"['B0713', '-3', 361]"
315,2,10,"['S301', '3', 259, 347]"
327,2,"['B4861', '-3', 349]"
329,5,10,"['S314', '5', 282, 367]"
344,5,"['B1787', '-5', 372]"
349,46,12,"['B4115', '35']"
407,38,23,"['S307', '2', 427, 517]"
468,0,"['B6559', '-2', 517]"
468,38,9,"['B6888', '39']"
515,1,24,"['B0012', '23']"
540,42,19,"['S314', '6', 519, 606]"
601,3,"['B8795', '-6', 609]"
604,40,12,"['B6412', '8']"
656,47,13,"['A023', '0']"
84,772
