new crir
new task..............,hasoto,0
0,"['A032', '0']"
0,14,"['B7238', '4']"
14,3,11,"['B8233', '2']"
28,5,9,"['B1504', '19']"
42,4,18,"['B3472', '15']"
64,1,17,"['B8886', '22']"
82,2,19,"['B5132', '14']"
103,2,16,"['B0525', '18']"
121,3,18,"['B5903', '3']"
142,4,10,"['B6427', '12']"
156,2,15,"['B8201', '6']"
173,5,12,"['B6774', '2']"
190,6,9,"['B3848', '3']"
205,5,10,"['B3902', '8']"
220,14,13,"['B9026', '1']"
247,4,8,"['B4733', '1']"
259,5,8,"['B8214', '9']"
272,4,14,"['A032', '0']"
new task..............,hasoto,1
290,"['A033', '0']"
290,12,"['B4738', '38']"
302,14,23,"['S490', '2', 254, 343]"
339,1,"['B3174', '-2', 344]"
340,2,9,"['S499', '3', 266, 356]"
351,0,"['B4817', '-3', 356]"
351,2,10,"['S494', '3', 274, 363]"
363,1,"['B3174', '-3', 364]"
364,2,10,"['S499', '2', 292, 382]"
376,0,"['B4817', '-2', 382]"
376,2,9,"['S493', '1', 302, 392]"
387,0,"['B3174', '-1', 392]"
387,1,8,"['S497', '1', 315, 404]"
396,1,"['B3174', '-1', 405]"
397,1,8,"['S497', '1', 320, 409]"
406,1,"['B3174', '-1', 410]"
407,1,8,"['S497', '2', 327, 416]"
416,1,"['B4817', '-2', 417]"
417,0,9,"['S499', '3', 338, 426]"
426,2,"['B6657', '-3', 428]"
428,2,10,"['S499', '2', 356, 446]"
440,0,"['B4817', '-2', 446]"
440,1,9,"['S502', '2', 363, 451]"
450,2,"['B3174', '-2', 453]"
452,2,9,"['S499', '2', 382, 466]"
463,6,"['B5395', '-2', 472]"
469,0,9,"['S486', '3', 400, 485]"
478,5,"['B8586', '-3', 490]"
483,5,10,"['S486', '3', 470, 551]"
498,9,"['B2599', '-3', 560]"
507,3,10,"['S499', '3', 439, 526]"
520,3,"['B2599', '-3', 529]"
523,3,10,"['S497', '1', 454, 543]"
536,1,"['B3174', '-1', 544]"
537,1,8,"['S492', '1', 519, 605]"
546,4,"['B6657', '-1', 609]"
550,2,8,"['S499', '1', 489, 579]"
560,0,"['B4817', '-1', 579]"
560,0,8,"['S499', '1', 550, 638]"
568,2,"['B3174', '-1', 640]"
570,1,8,"['S494', '5', 548, 637]"
579,1,"['B3174', '-5', 638]"
580,1,12,"['S490', '1', 543, 630]"
593,3,"['B6657', '-1', 633]"
596,3,8,"['S501', '3', 533, 612]"
607,11,"['B8733', '-3', 623]"
618,14,10,"['S497', '1', 579, 668]"
642,1,"['B4817', '-1', 669]"
643,17,8,"['B0890', '48']"
668,2,26,"['B4010', '38']"
696,13,23,"['A033', '0']"
138,1012
new crir
new task..............,hasoto,0
0,"['A033', '0']"
0,4,"['B3174', '49']"
4,2,26,"['B4817', '60']"
32,2,28,"['B8586', '4']"
62,3,11,"['B7959', '3']"
76,6,10,"['A033', '0']"
new task..............,hasoto,0
92,"['A033', '0']"
92,10,"['B5936', '38']"
102,1,23,"['B3886', '32']"
126,2,22,"['B9132', '21']"
150,1,19,"['B2012', '35']"
170,11,23,"['A033', '0']"
new task..............,hasoto,1
204,"['A033', '0']"
204,16,"['B3106', '42']"
220,1,24,"['B6874', '27']"
245,16,21,"['S494', '3', 218, 307]"
282,1,"['B0605', '-3', 308]"
283,1,10,"['S491', '1', 210, 299]"
294,1,"['B0605', '-1', 300]"
295,1,8,"['S496', '2', 217, 306]"
304,1,"['B3174', '-2', 307]"
305,1,9,"['S496', '1', 230, 316]"
315,4,"['B7959', '-1', 320]"
319,4,8,"['S496', '4', 247, 333]"
331,4,"['B8452', '-4', 337]"
335,4,11,"['S499', '1', 270, 356]"
350,4,"['B7959', '-1', 360]"
354,4,8,"['S497', '1', 277, 366]"
366,1,"['B4817', '-1', 367]"
367,0,8,"['S499', '4', 285, 375]"
375,0,"['B4817', '-4', 375]"
375,0,11,"['S499', '5', 307, 395]"
386,2,"['B3174', '-5', 397]"
388,3,12,"['S507', '1', 316, 403]"
403,3,"['B3174', '-1', 406]"
406,2,8,"['S499', '3', 328, 416]"
416,2,"['B3174', '-3', 418]"
418,1,10,"['S497', '2', 341, 430]"
429,1,"['B3174', '-2', 431]"
430,4,9,"['S501', '2', 401, 485]"
443,6,"['B2132', '-2', 491]"
449,19,9,"['B1995', '38']"
477,1,23,"['B8581', '28']"
501,13,21,"['A033', '0']"
139,716
new crir
new task..............,hasoto,0
0,"['A033', '0']"
0,10,"['B0219', '31']"
10,1,22,"['B6863', '27']"
33,1,21,"['B3391', '33']"
55,1,22,"['B3097', '23']"
78,9,19,"['A033', '0']"
new task..............,hasoto,1
106,"['A033', '0']"
106,14,"['B3659', '21']"
120,3,19,"['B0985', '58']"
142,2,28,"['B8786', '12']"
172,1,15,"['B4188', '10']"
188,3,14,"['B4808', '12']"
205,3,15,"['B2049', '2']"
223,3,9,"['B5531', '8']"
235,12,13,"['S497', '1', 231, 320]"
260,1,"['B0605', '-1', 321]"
261,1,8,"['S497', '1', 221, 310]"
270,1,"['B0605', '-1', 311]"
271,3,8,"['S501', '3', 232, 319]"
282,3,"['B6246', '-3', 322]"
285,3,10,"['S501', '3', 220, 301]"
298,9,"['B0810', '-3', 310]"
307,13,10,"['S497', '1', 258, 347]"
330,1,"['B3174', '-1', 348]"
331,2,8,"['S499', '1', 262, 346]"
341,6,"['B6246', '-1', 352]"
347,6,8,"['S499', '2', 280, 369]"
361,1,"['B0605', '-2', 370]"
362,1,9,"['S500', '2', 285, 375]"
372,0,"['B4817', '-2', 375]"
372,1,9,"['S497', '1', 295, 384]"
382,1,"['B3174', '-1', 385]"
383,0,8,"['S493', '1', 322, 409]"
391,3,"['B8575', '-1', 412]"
394,3,8,"['S502', '3', 322, 406]"
405,6,"['B6489', '-3', 412]"
411,6,10,"['S499', '1', 345, 435]"
427,0,"['B4817', '-1', 435]"
427,5,8,"['A033', '0']"
new task..............,hasoto,1
263,"['A033', '0']"
263,3,"['B1233', '60']"
266,3,28,"['S501', '2', 237, 323]"
297,4,"['B3174', '-2', 327]"
301,13,9,"['S483', '1', 234, 324]"
323,0,"['B0985', '-1', 324]"
323,12,8,"['S499', '1', 272, 358]"
343,4,"['B7959', '-1', 362]"
347,8,8,"['S501', '4', 285, 368]"
363,7,"['B5886', '-4', 375]"
370,7,11,"['S501', '2', 325, 413]"
388,2,"['B3125', '-2', 415]"
390,4,9,"['S499', '2', 323, 413]"
403,0,"['B4817', '-2', 413]"
403,5,9,"['A033', '0']"
140,666
new crir
new task..............,hasoto,0
0,"['A033', '0']"
0,13,"['B1997', '37']"
13,3,23,"['B2892', '28']"
39,2,21,"['B7249', '31']"
62,1,22,"['B6866', '17']"
85,14,17,"['A033', '0']"
new task..............,hasoto,0
116,"['A033', '0']"
116,11,"['B8863', '34']"
127,2,22,"['B8973', '34']"
151,1,22,"['B0623', '47']"
174,12,26,"['A033', '0']"
new task..............,hasoto,1
212,"['A033', '0']"
212,6,"['B2763', '31']"
218,2,22,"['B8653', '50']"
242,4,26,"['B8749', '18']"
272,4,18,"['B5808', '25']"
294,9,20,"['S494', '2', 239, 328]"
323,1,"['B3174', '-2', 329]"
324,2,9,"['S499', '1', 298, 380]"
335,8,"['B5886', '-1', 388]"
343,20,8,"['S483', '1', 287, 377]"
371,0,"['B0985', '-1', 377]"
371,13,8,"['S497', '1', 326, 404]"
392,12,"['B5531', '-1', 416]"
404,15,8,"['A033', '0']"
141,605
new crir
new task..............,hasoto,0
0,"['A033', '0']"
0,4,"['B7001', '14']"
4,1,16,"['B2028', '33']"
21,4,22,"['B0111', '18']"
47,8,18,"['B2359', '24']"
73,1,20,"['B7114', '43']"
94,4,25,"['B1630', '4']"
123,2,11,"['A033', '0']"
new task..............,hasoto,1
136,"['A033', '0']"
136,13,"['B9013', '5']"
149,6,12,"['B2599', '3']"
167,2,10,"['B8211', '7']"
179,2,13,"['B6657', '12']"
194,2,15,"['B0605', '76']"
211,1,31,"['S499', '1', 239, 323]"
243,6,"['B6489', '-1', 329]"
249,6,8,"['S499', '2', 240, 328]"
263,2,"['B3174', '-2', 330]"
265,4,9,"['A033', '0']"
new task..............,hasoto,1
247,"['A033', '0']"
247,6,"['B0051', '31']"
253,2,22,"['B6246', '17']"
277,2,17,"['B8452', '22']"
296,1,19,"['B8575', '24']"
316,4,20,"['S499', '1', 310, 345]"
340,55,"['B2607', '-1', 400]"
395,54,8,"['B3125', '32']"
457,3,22,"['A033', '0']"
142,610
new crir
new task..............,hasoto,0
0,"['A033', '0']"
0,1,"['B5395', '12']"
1,1,15,"['B4156', '7']"
17,3,13,"['B2132', '57']"
33,5,28,"['B2350', '25']"
66,4,20,"['B3446', '20']"
90,14,18,"['A033', '0']"
143,122
new crir
new task..............,hasoto,1
559,"['A033', '0']"
559,6,"['S499', 2, 565, 653]"
565,18,"['S455', 20, 568, 655]"
583,18,"['S499', 1, 572, 659]"
601,4,"['S501', 3, 572, 641]"
605,4,"['S499', 1, 610, 699]"
609,0,"['S499', 6, 613, 701]"
609,0,"['S499', 1, 613, 703]"
609,1,"['S498', 1, 615, 704]"
610,5,"['A033', '0']"
144,0
new crir
new task..............,hasoto,1
566,"['A033', '0']"
566,15,"['S455', 11, 581, 666]"
581,17,"['S494', 3, 581, 670]"
598,1,"['S490', 1, 583, 671]"
599,3,"['S501', 3, 583, 668]"
602,4,"['S499', 4, 590, 678]"
606,0,"['S497', 1, 600, 689]"
606,1,"['S494', 3, 623, 707]"
607,4,"['A033', '0']"
145,0
new crir
new task..............,hasoto,1
614,"['A033', '0']"
614,5,"['S497', 1, 619, 626]"
619,5,"['A033', '0']"
146,0
