new crir
new task..............,hasoto,0
0,"['A038', '0']"
0,16,"['B9136', '2']"
16,9,9,"['B4955', '3']"
34,6,10,"['B0966', '12']"
50,6,15,"['B3757', '1']"
71,12,8,"['B8243', '2']"
91,6,9,"['B1181', '1']"
106,17,8,"['B1822', '3']"
131,7,10,"['B4437', '4']"
148,5,11,"['B2560', '22']"
164,5,19,"['B6585', '3']"
188,5,10,"['B2500', '11']"
203,10,15,"['B7883', '1']"
228,6,8,"['B4874', '3']"
242,8,10,"['B8444', '1']"
260,6,8,"['B8637', '3']"
274,5,10,"['B0817', '2']"
289,4,9,"['B6590', '3']"
302,3,10,"['B3211', '4']"
315,4,11,"['B4590', '4']"
330,3,11,"['B6721', '5']"
344,2,12,"['B1990', '9']"
358,2,14,"['B8596', '8']"
374,3,13,"['B3147', '8']"
390,4,13,"['B0982', '8']"
407,29,13,"['A038', '0']"
new task..............,hasoto,1
449,"['A039', '0']"
449,8,"['B5573', '35']"
457,1,23,"['B0909', '36']"
481,1,23,"['B6276', '42']"
505,9,24,"['S108', '2', 464, 553]"
538,1,"['B4146', '-2', 554]"
539,9,9,"['S133', '10', 546, 624]"
557,12,"['B7385', '-10', 636]"
569,2,14,"['A039', '0']"
180,999
new crir
new task..............,hasoto,0
0,"['A039', '0']"
0,7,"['B6631', '35']"
7,1,23,"['B0394', '51']"
31,1,26,"['B4534', '33']"
58,7,22,"['A039', '0']"
new task..............,hasoto,0
87,"['A039', '0']"
87,9,"['B1782', '29']"
96,1,21,"['B6279', '72']"
118,2,30,"['B8068', '21']"
150,8,19,"['A039', '0']"
new task..............,hasoto,1
177,"['A039', '0']"
177,6,"['B5786', '30']"
183,2,21,"['B6835', '35']"
206,1,23,"['B2914', '28']"
230,2,21,"['B8341', '12']"
253,7,15,"['S133', '3', 270, 350]"
275,10,"['B8057', '-3', 360]"
285,10,10,"['S133', '4', 285, 367]"
305,8,"['B7358', '-4', 375]"
313,7,11,"['S132', '2', 275, 362]"
331,3,"['B6655', '-2', 365]"
334,6,9,"['S108', '3', 289, 377]"
349,2,"['B8341', '-3', 379]"
351,5,10,"['S105', '2', 293, 369]"
366,14,"['B8057', '-2', 383]"
380,9,9,"['S132', '1', 338, 426]"
398,2,"['B8959', '-1', 428]"
400,1,8,"['S133', '2', 333, 417]"
409,6,"['B5459', '-2', 423]"
415,7,9,"['S135', '2', 362, 450]"
431,2,"['B8959', '-2', 452]"
433,10,9,"['A039', '0']"
181,607
new crir
new task..............,hasoto,0
0,"['A039', '0']"
0,2,"['B6145', '31']"
2,10,22,"['B4801', '4']"
34,4,11,"['B0455', '31']"
49,2,22,"['B8276', '8']"
73,2,13,"['B8769', '10']"
88,2,14,"['B6826', '16']"
104,1,17,"['B4628', '20']"
122,2,18,"['B0015', '18']"
142,3,18,"['A039', '0']"
new task..............,hasoto,0
163,"['A039', '0']"
163,10,"['B0642', '55']"
173,1,27,"['B8430', '29']"
201,11,21,"['A039', '0']"
new task..............,hasoto,1
233,"['A039', '0']"
233,1,"['B9139', '36']"
234,1,23,"['B8727', '29']"
258,1,21,"['B3783', '37']"
280,6,23,"['S100', '3', 304, 388]"
309,6,"['B5246', '-3', 394]"
315,11,10,"['S132', '2', 306, 393]"
336,3,"['B1671', '-2', 396]"
339,3,9,"['S136', '2', 310, 392]"
351,8,"['B3783', '-2', 400]"
359,10,9,"['B2722', '10']"
378,2,14,"['B6540', '14']"
394,4,16,"['B7385', '9']"
414,2,14,"['A039', '0']"
182,648
new crir
new task..............,hasoto,0
0,"['A039', '0']"
0,6,"['B7927', '10']"
6,3,14,"['B2824', '25']"
23,3,20,"['B6124', '6']"
46,2,12,"['B6399', '22']"
60,3,19,"['B3794', '23']"
82,2,19,"['B0784', '33']"
103,3,22,"['A039', '0']"
new task..............,hasoto,0
128,"['A039', '0']"
128,2,"['B1173', '28']"
130,2,21,"['B4146', '48']"
153,1,26,"['B5341', '43']"
180,1,25,"['A039', '0']"
new task..............,hasoto,0
206,"['A039', '0']"
206,8,"['B6378', '70']"
214,1,30,"['B0475', '41']"
245,7,24,"['A039', '0']"
new task..............,hasoto,0
276,"['A039', '0']"
276,7,"['B6655', '43']"
283,2,25,"['B3335', '72']"
310,3,30,"['B6224', '20']"
343,6,18,"['A039', '0']"
183,367
new crir
new task..............,hasoto,1
595,"['A039', '0']"
595,3,"['S108', 1, 598, 681]"
598,9,"['S132', 2, 617, 704]"
607,10,"['A039', '0']"
184,0
