new crir
new task..............,hasoto,0
0,"['A044', '0']"
0,19,"['B1170', '20']"
19,3,18,"['B0630', '8']"
40,8,13,"['B5623', '1']"
61,7,8,"['B0764', '8']"
76,6,13,"['B3399', '10']"
95,6,14,"['B9177', '2']"
115,8,9,"['B7650', '7']"
132,1,13,"['B1857', '12']"
146,2,15,"['B8041', '3']"
163,5,10,"['B5241', '5']"
178,6,12,"['B3899', '12']"
196,10,15,"['B5003', '1']"
221,8,8,"['B0180', '5']"
237,4,12,"['B5693', '18']"
253,2,18,"['B3944', '27']"
273,2,21,"['A044', '0']"
new task..............,hasoto,1
296,"['A045', '0']"
296,8,"['B5651', '84']"
304,4,32,"['S143', '15', 256, 341]"
340,5,"['B9040', '-15', 346]"
345,9,17,"['S153', '3', 288, 374]"
371,4,"['B2109', '-3', 378]"
375,4,10,"['S153', '3', 302, 390]"
389,2,"['B7794', '-3', 392]"
391,4,10,"['S164', '2', 320, 407]"
405,3,"['B5076', '-2', 410]"
408,5,9,"['S153', '1', 338, 427]"
422,1,"['B1268', '-1', 428]"
423,1,8,"['S153', '1', 355, 443]"
432,2,"['B0421', '-1', 445]"
434,2,8,"['S153', '5', 359, 444]"
444,5,"['B6769', '-5', 449]"
449,1,12,"['S143', '12', 375, 464]"
462,1,"['B6769', '-12', 465]"
463,1,15,"['S143', '9', 397, 482]"
479,5,"['B0421', '-9', 487]"
484,2,14,"['S166', '3', 426, 512]"
500,4,"['B1777', '-3', 516]"
504,5,10,"['S153', '3', 487, 576]"
519,1,"['B1268', '-3', 577]"
520,1,10,"['S153', '10', 444, 533]"
531,1,"['B1268', '-10', 534]"
532,1,14,"['S153', '2', 480, 563]"
547,7,"['B3650', '-2', 570]"
554,5,9,"['S161', '2', 493, 580]"
568,3,"['B6506', '-2', 583]"
571,4,9,"['S153', '1', 504, 588]"
584,6,"['B3654', '-1', 594]"
590,7,8,"['S149', '4', 534, 621]"
605,3,"['B5300', '-4', 624]"
608,3,11,"['S153', '11', 539, 627]"
622,2,"['B0421', '-11', 629]"
624,1,15,"['S164', '2', 554, 643]"
640,1,"['B7657', '-2', 644]"
641,1,9,"['S164', '2', 610, 698]"
651,2,"['B5520', '-2', 700]"
653,4,9,"['S143', '8', 583, 672]"
666,1,"['B6769', '-8', 673]"
667,4,13,"['B5129', '44']"
684,6,25,"['A045', '0']"
199,1002
new crir
new task..............,hasoto,0
0,"['A045', '0']"
0,4,"['B5076', '49']"
4,2,26,"['B0857', '39']"
32,3,24,"['B2571', '47']"
59,3,26,"['A045', '0']"
new task..............,hasoto,0
88,"['A045', '0']"
88,7,"['B6769', '15']"
95,3,17,"['B0311', '37']"
115,1,23,"['B7227', '41']"
139,1,24,"['B6849', '34']"
164,5,22,"['A045', '0']"
new task..............,hasoto,1
191,"['A045', '0']"
191,6,"['B6300', '24']"
197,1,20,"['B2713', '27']"
218,1,21,"['B8797', '37']"
240,1,23,"['B5783', '26']"
264,7,20,"['S142', '2', 213, 299]"
291,4,"['B5520', '-2', 303]"
295,4,9,"['S143', '12', 220, 309]"
308,1,"['B6769', '-12', 310]"
309,5,15,"['S153', '14', 245, 334]"
329,1,"['B1268', '-14', 335]"
330,1,16,"['S149', '4', 261, 348]"
347,3,"['B6300', '-4', 351]"
350,2,11,"['S153', '2', 288, 367]"
363,11,"['B1674', '-2', 378]"
374,11,9,"['S153', '12', 305, 394]"
394,1,"['B5520', '-12', 395]"
395,2,15,"['S164', '1', 323, 412]"
412,1,"['B2416', '-1', 413]"
413,2,8,"['S153', '1', 361, 450]"
423,1,"['B1268', '-1', 451]"
424,9,8,"['S162', '1', 355, 444]"
441,1,"['B1011', '-1', 445]"
442,7,8,"['S164', '2', 377, 466]"
457,1,"['B8259', '-2', 467]"
458,3,9,"['S153', '1', 400, 487]"
470,3,"['B2571', '-1', 490]"
473,9,8,"['S174', '3', 405, 492]"
490,3,"['B6849', '-3', 495]"
493,2,10,"['S155', '2', 434, 521]"
505,3,"['B5651', '-2', 524]"
508,0,9,"['S145', '3', 432, 519]"
517,3,"['B8981', '-3', 522]"
520,11,10,"['S153', '3', 507, 595]"
541,2,"['B6300', '-3', 597]"
543,2,10,"['S153', '4', 539, 627]"
555,2,"['B7157', '-4', 629]"
557,4,11,"['S170', '1', 544, 631]"
572,3,"['B5520', '-1', 634]"
575,7,8,"['S158', '12', 587, 676]"
590,1,"['B1804', '-12', 677]"
591,1,15,"['S174', '4', 569, 655]"
607,4,"['B6964', '-4', 659]"
611,4,11,"['S145', '2', 603, 687]"
626,6,"['B2380', '-2', 693]"
632,8,9,"['S143', '13', 596, 682]"
649,4,"['B5943', '-13', 686]"
653,4,16,"['S153', '2', 618, 707]"
673,1,"['B5520', '-2', 708]"
674,1,9,"['S153', '14', 601, 689]"
684,2,"['B0421', '-14', 691]"
686,2,16,"['S165', '1', 622, 711]"
704,1,"['B8259', '-1', 712]"
705,4,8,"['A045', '0']"
200,895
new crir
new task..............,hasoto,0
0,"['A045', '0']"
0,2,"['B6506', '39']"
2,2,24,"['A045', '0']"
new task..............,hasoto,0
28,"['A045', '0']"
28,7,"['B5065', '57']"
35,1,28,"['B1804', '54']"
64,7,27,"['A045', '0']"
new task..............,hasoto,0
98,"['A045', '0']"
98,10,"['B5283', '50']"
108,1,26,"['B3468', '38']"
135,1,23,"['B8843', '39']"
159,10,24,"['A045', '0']"
new task..............,hasoto,1
193,"['A045', '0']"
193,3,"['B7657', '46']"
196,1,25,"['B8259', '46']"
222,1,25,"['B2416', '15']"
248,1,17,"['B7157', '32']"
266,9,22,"['S145', '4', 215, 302]"
297,3,"['B6849', '-4', 305]"
300,4,11,"['S143', '1', 228, 317]"
315,1,"['B6769', '-1', 318]"
316,5,8,"['S153', '4', 249, 332]"
329,7,"['B3406', '-4', 339]"
336,13,11,"['S144', '1', 275, 363]"
360,2,"['B6502', '-1', 365]"
362,9,8,"['S153', '15', 291, 380]"
379,1,"['B5520', '-15', 381]"
380,5,17,"['S156', '1', 314, 404]"
402,0,"['B8829', '-1', 404]"
402,6,8,"['S169', '4', 330, 417]"
416,3,"['B5520', '-4', 420]"
419,5,11,"['S156', '1', 378, 468]"
435,0,"['B8829', '-1', 468]"
435,4,8,"['S153', '2', 367, 453]"
447,4,"['B2109', '-2', 457]"
451,1,9,"['A045', '0']"
201,638
new crir
new task..............,hasoto,0
0,"['A045', '0']"
0,7,"['B5437', '47']"
7,1,26,"['B1640', '40']"
34,1,24,"['B4404', '41']"
59,9,24,"['A045', '0']"
new task..............,hasoto,0
92,"['A045', '0']"
92,2,"['B3760', '32']"
94,3,22,"['B5519', '68']"
119,3,30,"['B5318', '40']"
152,2,24,"['A045', '0']"
new task..............,hasoto,1
178,"['A045', '0']"
178,6,"['B7794', '54']"
184,2,27,"['B1891', '38']"
213,2,23,"['B3693', '22']"
238,2,19,"['S142', '5', 236, 322]"
259,4,"['B7227', '-5', 326]"
263,5,12,"['S153', '15', 233, 316]"
280,7,"['B4807', '-15', 323]"
287,7,17,"['S153', '1', 226, 315]"
311,1,"['B5520', '-1', 316]"
312,1,8,"['S153', '10', 236, 321]"
321,5,"['B5047', '-10', 326]"
326,2,14,"['S166', '2', 259, 346]"
342,3,"['B1268', '-2', 349]"
345,1,9,"['S153', '3', 275, 359]"
355,6,"['B3249', '-3', 365]"
361,6,10,"['S153', '1', 293, 381]"
377,2,"['B7157', '-1', 383]"
379,9,8,"['S147', '3', 312, 398]"
396,4,"['B8511', '-3', 402]"
400,8,10,"['S162', '1', 343, 425]"
418,8,"['B9075', '-1', 433]"
426,13,8,"['A045', '0']"
new task..............,hasoto,1
263,"['A045', '0']"
263,5,"['B1011', '59']"
268,1,28,"['S174', '3', 242, 329]"
297,3,"['B8896', '-3', 332]"
300,10,10,"['S153', '23', 238, 327]"
320,1,"['B1268', '-23', 328]"
321,8,19,"['S145', '1', 261, 349]"
348,2,"['B1115', '-1', 351]"
350,6,8,"['S143', '1', 277, 365]"
364,2,"['B3693', '-1', 367]"
366,3,8,"['S153', '15', 297, 385]"
377,2,"['B0421', '-15', 387]"
379,1,17,"['S161', '2', 314, 402]"
397,2,"['B5520', '-2', 404]"
399,6,9,"['B0602', '60']"
414,7,28,"['A045', '0']"
202,701
new crir
new task..............,hasoto,0
0,"['A045', '0']"
0,3,"['B8817', '27']"
3,2,21,"['B1955', '59']"
26,3,28,"['B4251', '29']"
57,6,21,"['A045', '0']"
new task..............,hasoto,0
84,"['A045', '0']"
84,2,"['B1224', '51']"
86,1,26,"['B2759', '57']"
113,3,28,"['A045', '0']"
new task..............,hasoto,0
144,"['A045', '0']"
144,4,"['B5520', '59']"
148,1,28,"['B0421', '24']"
177,2,20,"['B2109', '56']"
199,1,27,"['A045', '0']"
new task..............,hasoto,1
227,"['A045', '0']"
227,8,"['B1777', '66']"
235,1,29,"['B8829', '58']"
265,4,28,"['S153', '10', 249, 334]"
297,5,"['B7227', '-10', 339]"
302,4,14,"['S174', '3', 271, 360]"
320,1,"['B4251', '-3', 361]"
321,2,10,"['S162', '1', 256, 338]"
333,8,"['B8511', '-1', 346]"
341,4,8,"['S147', '2', 269, 357]"
353,2,"['B5431', '-2', 359]"
355,4,9,"['S155', '2', 298, 387]"
368,1,"['B0602', '-2', 388]"
369,2,9,"['S158', '12', 297, 386]"
380,1,"['B1804', '-12', 387]"
381,1,15,"['S158', '11', 314, 400]"
397,4,"['B1746', '-11', 404]"
401,9,15,"['A045', '0']"
new task..............,hasoto,1
299,"['A045', '0']"
299,2,"['B1422', '45']"
301,2,25,"['B4556', '35']"
328,8,23,"['S147', '3', 277, 364]"
359,3,"['B7227', '-3', 367]"
362,3,10,"['S162', '1', 299, 388]"
375,1,"['B1804', '-1', 389]"
376,9,8,"['S164', '2', 315, 402]"
393,3,"['B5076', '-2', 405]"
396,5,9,"['B4411', '19']"
410,1,18,"['A045', '0']"
203,708
new crir
new task..............,hasoto,0
0,"['A045', '0']"
0,5,"['B1727', '33']"
5,1,22,"['B6143', '35']"
28,1,23,"['B6154', '52']"
52,5,27,"['A045', '0']"
new task..............,hasoto,0
84,"['A045', '0']"
84,7,"['B5300', '39']"
91,1,24,"['B7902', '25']"
116,3,20,"['B1268', '26']"
139,5,20,"['A045', '0']"
new task..............,hasoto,0
164,"['A045', '0']"
164,3,"['B5047', '45']"
167,1,25,"['B0040', '95']"
193,3,34,"['A045', '0']"
204,230
new crir
new task..............,hasoto,1
295,"['A045', '0']"
295,5,"['S153', 3, 300, 384]"
300,0,"['S153', 14, 321, 406]"
300,8,"['S145', 1, 325, 409]"
308,8,"['S153', 3, 607, 692]"
316,4,"['S142', 2, 611, 695]"
320,0,"['S143', 1, 621, 705]"
320,6,"['A045', '0']"
205,0
