new crir
new task..............,hasoto,0
0,"['A064', '0']"
0,1,"['B8773', '67']"
1,1,30,"['B5778', '45']"
32,3,25,"['B5130', '22']"
60,2,19,"['A064', '0']"
new task..............,hasoto,0
81,"['A064', '0']"
81,2,"['B0155', '73']"
83,0,31,"['B8264', '54']"
114,2,27,"['A064', '0']"
new task..............,hasoto,0
143,"['A064', '0']"
143,1,"['B3533', '24']"
144,1,20,"['B6651', '31']"
165,2,22,"['B4498', '29']"
189,1,21,"['A064', '0']"
new task..............,hasoto,1
211,"['A065', '0']"
211,10,"['B4217', '43']"
221,18,25,"['S405', '2', 214, 302]"
264,2,"['B8336', '-2', 304]"
266,1,9,"['S413', '2', 216, 297]"
276,9,"['B5444', '-2', 306]"
285,5,9,"['S433', '3', 211, 299]"
299,2,"['B6321', '-3', 301]"
301,2,10,"['S421', '3', 230, 314]"
313,6,"['B6227', '-3', 320]"
319,3,10,"['S433', '2', 246, 334]"
332,2,"['B2690', '-2', 336]"
334,2,9,"['S419', '2', 264, 353]"
345,1,"['B1413', '-2', 354]"
346,1,9,"['S419', '2', 275, 364]"
356,1,"['B1413', '-2', 365]"
357,1,9,"['S421', '2', 281, 367]"
367,4,"['B2118', '-2', 371]"
371,3,9,"['S413', '1', 296, 386]"
383,0,"['B6069', '-1', 386]"
383,1,8,"['S412', '1', 304, 393]"
392,1,"['B4770', '-1', 394]"
393,2,8,"['S413', '1', 316, 406]"
403,0,"['B6069', '-1', 406]"
403,0,8,"['S413', '1', 330, 418]"
411,2,"['B2818', '-1', 420]"
413,10,8,"['S426', '10', 345, 433]"
431,2,"['B3742', '-10', 435]"
433,4,14,"['S430', '3', 376, 460]"
451,6,"['B4461', '-3', 466]"
457,9,10,"['S413', '1', 390, 479]"
476,1,"['B8336', '-1', 480]"
477,1,8,"['S416', '1', 403, 488]"
486,5,"['B5802', '-1', 493]"
491,6,8,"['S430', '2', 429, 515]"
505,4,"['B3742', '-2', 519]"
509,2,9,"['S437', '2', 440, 527]"
520,3,"['B7896', '-2', 530]"
523,9,9,"['S435', '1', 470, 560]"
541,0,"['B5802', '-1', 560]"
541,6,8,"['S430', '2', 473, 560]"
555,3,"['B0277', '-2', 563]"
558,8,9,"['S433', '3', 504, 592]"
575,2,"['B6939', '-3', 594]"
577,5,10,"['S427', '1', 539, 611]"
592,18,"['B1101', '-1', 629]"
610,20,8,"['S405', '2', 557, 639]"
638,8,"['B9155', '-2', 647]"
646,10,9,"['B2493', '39']"
665,1,24,"['B5680', '51']"
690,12,26,"['A065', '0']"
244,920
new crir
new task..............,hasoto,0
0,"['A065', '0']"
0,4,"['B3703', '70']"
4,1,30,"['B8385', '35']"
35,2,23,"['A065', '0']"
new task..............,hasoto,0
60,"['A065', '0']"
60,4,"['B6595', '39']"
64,1,24,"['B1435', '53']"
89,1,27,"['B8459', '27']"
117,5,21,"['A065', '0']"
new task..............,hasoto,1
143,"['A065', '0']"
143,7,"['B1666', '84']"
150,1,32,"['B7090', '45']"
183,17,25,"['S452', '2', 223, 311]"
225,2,"['B1575', '-2', 313]"
227,8,9,"['S437', '2', 224, 311]"
244,3,"['B5769', '-2', 314]"
247,3,9,"['S437', '1', 216, 305]"
259,1,"['B5487', '-1', 306]"
260,11,8,"['S412', '2', 218, 304]"
279,4,"['B5552', '-2', 308]"
283,4,9,"['S412', '1', 229, 301]"
296,18,"['B0655', '-1', 319]"
314,21,8,"['S433', '6', 258, 344]"
343,4,"['B4778', '-6', 348]"
347,3,12,"['S413', '1', 280, 368]"
362,2,"['B1584', '-1', 370]"
364,2,8,"['S413', '2', 292, 374]"
374,8,"['B3029', '-2', 382]"
382,9,9,"['S405', '3', 320, 403]"
400,7,"['B0878', '-3', 410]"
407,12,10,"['S435', '2', 348, 429]"
429,9,"['B5457', '-2', 438]"
438,10,9,"['S426', '5', 390, 478]"
457,2,"['B4508', '-5', 480]"
459,2,12,"['S426', '1', 395, 481]"
473,4,"['B3941', '-1', 485]"
477,7,8,"['S419', '4', 413, 501]"
492,2,"['B0590', '-4', 503]"
494,3,11,"['S435', '2', 452, 538]"
508,4,"['B2818', '-2', 542]"
512,0,9,"['S416', '1', 459, 535]"
521,14,"['B5168', '-1', 549]"
535,9,8,"['S414', '1', 478, 566]"
552,2,"['B2533', '-1', 568]"
554,2,8,"['S415', '1', 477, 565]"
564,2,"['B2533', '-1', 567]"
566,7,8,"['S423', '1', 506, 582]"
581,14,"['B0585', '-1', 596]"
595,15,8,"['S412', '3', 545, 628]"
618,7,"['B8459', '-3', 635]"
625,5,10,"['S423', '1', 572, 658]"
640,4,"['B1865', '-1', 662]"
644,11,8,"['S426', '9', 576, 664]"
663,2,"['B6280', '-9', 666]"
665,3,14,"['S421', '2', 604, 690]"
682,4,"['B8385', '-2', 694]"
686,10,9,"['S412', '1', 619, 708]"
705,1,"['B8336', '-1', 709]"
706,8,8,"['A065', '0']"
245,840
new crir
new task..............,hasoto,0
0,"['A065', '0']"
0,5,"['B2118', '64']"
5,1,29,"['B5802', '69']"
35,5,30,"['A065', '0']"
new task..............,hasoto,0
70,"['A065', '0']"
70,2,"['B5487', '8']"
72,3,13,"['B2450', '48']"
88,2,26,"['B1001', '46']"
116,5,25,"['A065', '0']"
new task..............,hasoto,1
146,"['A065', '0']"
146,8,"['B3056', '24']"
154,1,20,"['B6365', '37']"
175,1,23,"['B9154', '16']"
199,1,17,"['B3668', '32']"
217,7,22,"['S426', '9', 232, 319]"
246,3,"['B5990', '-9', 322]"
249,12,14,"['S413', '2', 241, 329]"
275,2,"['B7090', '-2', 331]"
277,2,9,"['S412', '3', 240, 324]"
288,6,"['B8814', '-3', 330]"
294,7,10,"['S413', '2', 241, 319]"
311,12,"['B2643', '-2', 331]"
323,13,9,"['S412', '2', 270, 358]"
345,2,"['B1584', '-2', 360]"
347,5,9,"['S421', '1', 275, 364]"
361,1,"['B4888', '-1', 365]"
362,1,8,"['S421', '2', 290, 374]"
371,6,"['B1530', '-2', 380]"
377,10,9,"['S395', '3', 311, 398]"
396,3,"['B8302', '-3', 401]"
399,4,10,"['S421', '2', 334, 418]"
413,6,"['B3742', '-2', 424]"
419,2,9,"['S436', '1', 340, 430]"
430,0,"['B3941', '-1', 430]"
430,1,8,"['S437', '1', 357, 443]"
439,4,"['B2533', '-1', 447]"
443,2,8,"['S426', '13', 405, 488]"
453,7,"['B4453', '-13', 495]"
460,4,16,"['S433', '3', 402, 485]"
480,7,"['B8362', '-3', 492]"
487,10,10,"['A065', '0']"
new task..............,hasoto,1
248,"['A065', '0']"
248,3,"['B0277', '49']"
251,1,26,"['B3742', '90']"
278,6,33,"['S421', '1', 244, 331]"
317,3,"['B6609', '-1', 334]"
320,11,8,"['S452', '4', 253, 342]"
339,1,"['B6101', '-4', 343]"
340,8,11,"['S437', '2', 281, 370]"
359,1,"['B3941', '-2', 371]"
360,1,9,"['S437', '2', 284, 372]"
370,2,"['B8385', '-2', 374]"
372,8,9,"['S413', '2', 309, 392]"
389,7,"['B2508', '-2', 399]"
396,8,9,"['S426', '13', 328, 416]"
413,2,"['B4949', '-13', 418]"
415,6,16,"['S410', '1', 353, 441]"
437,2,"['B5552', '-1', 443]"
439,3,8,"['S413', '1', 360, 450]"
450,0,"['B6069', '-1', 450]"
450,10,8,"['S437', '1', 417, 505]"
468,2,"['B3742', '-1', 507]"
470,4,8,"['A065', '0']"
246,714
new crir
new task..............,hasoto,0
0,"['A065', '0']"
0,12,"['B4753', '38']"
12,1,23,"['B7106', '46']"
36,1,25,"['B7912', '44']"
62,13,25,"['A065', '0']"
new task..............,hasoto,0
100,"['A065', '0']"
100,3,"['B6939', '16']"
103,1,17,"['B2508', '34']"
121,2,22,"['B3029', '59']"
145,2,28,"['B1067', '31']"
175,6,22,"['A065', '0']"
new task..............,hasoto,1
203,"['A065', '0']"
203,9,"['B2818', '66']"
212,1,29,"['B4770', '67']"
242,0,30,"['S405', '2', 247, 335]"
272,2,"['B8336', '-2', 337]"
274,11,9,"['S436', '1', 256, 341]"
294,5,"['B0741', '-1', 346]"
299,5,8,"['S440', '2', 255, 341]"
312,4,"['B4753', '-2', 345]"
316,9,9,"['S426', '12', 262, 341]"
334,11,"['B7912', '-12', 352]"
345,8,15,"['S452', '2', 289, 377]"
368,2,"['B6734', '-2', 379]"
370,2,9,"['S452', '1', 306, 386]"
381,10,"['B7114', '-1', 396]"
391,10,8,"['S452', '1', 323, 410]"
409,3,"['B4544', '-1', 413]"
412,16,8,"['S423', '1', 354, 439]"
436,5,"['B8459', '-1', 444]"
441,5,8,"['A065', '0']"
247,633
new crir
new task..............,hasoto,0
0,"['A065', '0']"
0,14,"['B2071', '38']"
14,1,23,"['B0019', '36']"
38,1,23,"['B8772', '42']"
62,1,24,"['B7918', '20']"
87,15,18,"['A065', '0']"
new task..............,hasoto,0
120,"['A065', '0']"
120,8,"['B6069', '47']"
128,1,26,"['B8302', '22']"
155,1,19,"['B6321', '40']"
175,5,24,"['A065', '0']"
new task..............,hasoto,0
204,"['A065', '0']"
204,5,"['B7122', '31']"
209,1,22,"['B1413', '67']"
232,4,30,"['A065', '0']"
new task..............,hasoto,1
266,"['A065', '0']"
266,13,"['B8624', '6']"
279,2,12,"['B2633', '19']"
293,11,18,"['S426', '10', 270, 356]"
322,4,"['B6770', '-10', 360]"
326,7,14,"['S423', '1', 281, 357]"
347,14,"['B6217', '-1', 371]"
361,12,8,"['S434', '5', 296, 385]"
381,1,"['B2118', '-5', 386]"
382,4,12,"['S405', '3', 321, 408]"
398,3,"['B4453', '-3', 411]"
401,3,10,"['S421', '2', 340, 422]"
414,8,"['B0304', '-2', 430]"
422,3,9,"['S412', '1', 364, 452]"
434,2,"['B1865', '-1', 454]"
436,4,8,"['S423', '1', 363, 449]"
448,4,"['B6595', '-1', 453]"
452,16,8,"['B5828', '22']"
476,1,19,"['B6061', '32']"
496,1,22,"['B6210', '34']"
519,10,22,"['S426', '9', 551, 630]"
551,11,"['B2641', '-9', 641]"
562,11,14,"['S426', '16', 548, 591]"
587,47,"['B7515', '-16', 638]"
634,42,17,"['S434', '5', 606, 696]"
693,0,"['B5802', '-5', 696]"
693,4,12,"['S413', '1', 623, 711]"
709,2,"['B7090', '-1', 713]"
711,8,8,"['A065', '0']"
248,976
new crir
new task..............,hasoto,0
0,"['A065', '0']"
0,6,"['B4453', '49']"
6,1,26,"['B0590', '91']"
33,5,34,"['A065', '0']"
new task..............,hasoto,0
72,"['A065', '0']"
72,8,"['B0741', '44']"
80,2,25,"['B6449', '40']"
107,1,24,"['B7990', '19']"
132,1,18,"['B2135', '26']"
151,7,20,"['A065', '0']"
new task..............,hasoto,0
178,"['A065', '0']"
178,7,"['B6221', '40']"
185,1,24,"['B5041', '26']"
210,2,20,"['B2643', '50']"
232,9,26,"['A065', '0']"
new task..............,hasoto,1
267,"['A065', '0']"
267,7,"['B5359', '35']"
274,2,23,"['B2658', '44']"
299,1,25,"['B0585', '27']"
325,1,21,"['B8904', '30']"
347,15,21,"['S405', '3', 298, 383]"
383,5,"['B6172', '-3', 388]"
388,5,10,"['S425', '1', 321, 409]"
403,2,"['B2118', '-1', 411]"
405,5,8,"['A065', '0']"
249,673
new crir
new task..............,hasoto,0
0,"['A065', '0']"
0,3,"['B2533', '33']"
3,3,22,"['B4949', '23']"
28,2,19,"['B9155', '23']"
49,1,19,"['B5817', '39']"
69,3,24,"['A065', '0']"
new task..............,hasoto,0
96,"['A065', '0']"
96,4,"['B4888', '59']"
100,1,28,"['B5966', '78']"
129,5,31,"['A065', '0']"
new task..............,hasoto,0
165,"['A065', '0']"
165,4,"['B3941', '39']"
169,2,24,"['B7896', '30']"
195,3,21,"['B6217', '48']"
219,1,26,"['B5769', '16']"
246,6,17,"['A065', '0']"
new task..............,hasoto,1
269,"['A065', '0']"
269,5,"['B4508', '24']"
274,1,20,"['B7754', '18']"
295,1,18,"['B2867', '30']"
314,15,21,"['S416', '1', 300, 388]"
350,2,"['B1584', '-1', 390]"
352,2,8,"['S412', '2', 307, 390]"
362,7,"['B8459', '-2', 397]"
369,5,9,"['A065', '0']"
250,636
new crir
new task..............,hasoto,0
0,"['A065', '0']"
0,10,"['B1575', '48']"
10,1,26,"['B4353', '42']"
37,1,24,"['B0824', '36']"
62,10,23,"['A065', '0']"
new task..............,hasoto,0
95,"['A065', '0']"
95,2,"['B6280', '44']"
97,2,25,"['B6770', '26']"
124,1,20,"['A065', '0']"
new task..............,hasoto,0
145,"['A065', '0']"
145,8,"['B8336', '54']"
153,1,27,"['B1584', '38']"
181,2,23,"['B7234', '42']"
206,7,24,"['A065', '0']"
new task..............,hasoto,0
237,"['A065', '0']"
237,4,"['B4461', '23']"
241,1,19,"['B7173', '38']"
261,2,23,"['B6609', '19']"
286,1,18,"['B0396', '26']"
305,3,20,"['A065', '0']"
new task..............,hasoto,0
328,"['A065', '0']"
328,6,"['B5168', '19']"
334,1,18,"['B1328', '41']"
353,1,24,"['B5419', '34']"
378,8,22,"['A065', '0']"
new task..............,hasoto,0
408,"['A065', '0']"
408,2,"['B2468', '31']"
410,2,22,"['B8289', '45']"
434,2,25,"['B2690', '47']"
461,4,26,"['A065', '0']"
new task..............,hasoto,1
491,"['A065', '0']"
491,10,"['B6101', '42']"
501,1,24,"['B6520', '43']"
526,1,25,"['B4656', '43']"
552,16,25,"['S413', '1', 579, 669]"
593,0,"['B6069', '-1', 669]"
593,1,8,"['S405', '2', 583, 671]"
602,2,"['B8336', '-2', 673]"
604,1,9,"['S413', '1', 605, 689]"
614,6,"['B2730', '-1', 695]"
620,3,8,"['S433', '1', 589, 677]"
631,2,"['B2690', '-1', 679]"
633,2,8,"['S421', '3', 625, 711]"
643,4,"['B0077', '-3', 715]"
647,14,10,"['S453', '2', 597, 684]"
671,3,"['B4544', '-2', 687]"
674,10,9,"['A065', '0']"
251,1167
