new crir
new task..............,hasoto,0
0,"['A120', '0']"
0,8,"['B0551', '5']"
8,4,12,"['B8106', '1']"
24,13,8,"['B8692', '9']"
45,1,14,"['B1566', '12']"
60,3,15,"['B2854', '20']"
78,5,18,"['B4294', '3']"
101,7,10,"['B8479', '5']"
118,6,12,"['B1147', '21']"
136,4,19,"['B8842', '5']"
159,9,12,"['B1324', '13']"
180,6,16,"['B4567', '5']"
202,4,12,"['B5440', '21']"
218,8,19,"['A120', '0']"
new task..............,hasoto,1
245,"['A121', '0']"
245,5,"['B0220', '35']"
250,2,23,"['S296', '2', 210, 294]"
275,6,"['B9190', '-2', 300]"
281,3,9,"['S265', '2', 219, 309]"
293,0,"['B5144', '-2', 309]"
293,0,9,"['S265', '2', 225, 310]"
302,5,"['B8458', '-2', 315]"
307,5,9,"['B5290', '33']"
321,1,22,"['B1156', '68']"
344,8,30,"['S292', '1', 295, 384]"
382,1,"['B0313', '-1', 385]"
383,4,8,"['S273', '15', 318, 403]"
395,5,"['B7044', '-15', 408]"
400,3,17,"['S281', '2', 336, 422]"
420,4,"['B1066', '-2', 426]"
424,14,9,"['S265', '2', 365, 452]"
447,3,"['B4354', '-2', 455]"
450,5,9,"['S276', '1', 445, 532]"
464,3,"['B5640', '-1', 535]"
467,5,8,"['A121', '0']"
487,710
new crir
new task..............,hasoto,0
0,"['A121', '0']"
0,3,"['B2942', '48']"
3,1,26,"['B8429', '53']"
30,2,27,"['A121', '0']"
new task..............,hasoto,0
59,"['A121', '0']"
59,4,"['B0577', '86']"
63,1,33,"['B3756', '31']"
97,4,22,"['A121', '0']"
new task..............,hasoto,0
123,"['A121', '0']"
123,1,"['B1078', '48']"
124,1,26,"['B3154', '58']"
151,1,28,"['A121', '0']"
new task..............,hasoto,0
180,"['A121', '0']"
180,3,"['B2403', '68']"
183,3,30,"['B9050', '40']"
216,0,24,"['A121', '0']"
new task..............,hasoto,0
240,"['A121', '0']"
240,3,"['B5478', '40']"
243,1,24,"['B1792', '36']"
268,1,23,"['B5151', '57']"
292,5,28,"['A121', '0']"
new task..............,hasoto,1
325,"['A121', '0']"
325,6,"['B6555', '59']"
331,2,28,"['B5055', '73']"
361,7,31,"['S265', '2', 368, 457]"
399,1,"['B0574', '-2', 458]"
400,5,9,"['S273', '8', 365, 450]"
414,5,"['B6322', '-8', 455]"
419,6,13,"['A121', '0']"
488,749
new crir
new task..............,hasoto,0
0,"['A121', '0']"
0,2,"['B3375', '51']"
2,1,26,"['B8055', '34']"
29,1,22,"['B2311', '54']"
52,3,27,"['A121', '0']"
new task..............,hasoto,0
82,"['A121', '0']"
82,5,"['B5640', '64']"
87,1,29,"['B8523', '57']"
117,4,28,"['A121', '0']"
new task..............,hasoto,0
149,"['A121', '0']"
149,6,"['B5934', '41']"
155,2,24,"['B5890', '22']"
181,1,19,"['B8708', '21']"
201,2,19,"['B1066', '42']"
222,10,24,"['A121', '0']"
new task..............,hasoto,0
256,"['A121', '0']"
256,4,"['B5336', '65']"
260,1,29,"['B7805', '48']"
290,4,26,"['A121', '0']"
new task..............,hasoto,0
320,"['A121', '0']"
320,6,"['B3006', '44']"
326,2,25,"['B7860', '43']"
353,2,25,"['B2131', '36']"
380,6,23,"['A121', '0']"
new task..............,hasoto,0
409,"['A121', '0']"
409,2,"['B1495', '46']"
411,2,25,"['B2823', '55']"
438,3,27,"['A121', '0']"
new task..............,hasoto,1
468,"['A121', '0']"
468,3,"['B9068', '27']"
471,2,21,"['B7782', '34']"
494,2,22,"['B6433', '37']"
518,1,23,"['B3617', '26']"
542,6,20,"['S265', '2', 557, 645]"
568,2,"['B8523', '-2', 647]"
570,2,9,"['S265', '3', 579, 668]"
581,1,"['B2971', '-3', 669]"
582,1,10,"['S265', '1', 537, 625]"
593,2,"['B8429', '-1', 627]"
595,8,8,"['S281', '2', 592, 677]"
611,5,"['B2876', '-2', 682]"
616,2,9,"['S273', '11', 619, 707]"
627,2,"['B2876', '-11', 709]"
629,4,15,"['A121', '0']"
489,1097
