new crir
new task..............,hasoto,0
0,"['A003', '0']"
0,4,"['B0918', '48']"
4,1,26,"['B6832', '36']"
31,1,23,"['B4059', '14']"
55,1,16,"['B7397', '28']"
72,2,21,"['A003', '0']"
new task..............,hasoto,0
95,"['A003', '0']"
95,5,"['B7044', '38']"
100,3,23,"['B8976', '35']"
126,1,23,"['B0782', '37']"
150,8,23,"['A003', '0']"
new task..............,hasoto,1
181,"['A003', '0']"
181,2,"['B2582', '38']"
183,2,23,"['B8980', '14']"
208,5,16,"['S259', '3', 215, 302, 'E0949']"
229,3,"['B2582', '-3', 305, 'E0949']"
232,2,10,"['B1348', '45']"
244,2,25,"['B0884', '31']"
271,2,22,"['S207', '2', 235, 322, 'E0617']"
295,3,"['B4899', '-2', 325, 'E0617']"
298,1,9,"['S237', '3', 228, 313, 'E0875']"
308,5,"['B5308', '-3', 318, 'E0875']"
313,5,10,"['S237', '3', 251, 338, 'E0879']"
328,3,"['B0884', '-3', 341, 'E0879']"
331,2,10,"['S207', '2', 259, 348, 'E0618']"
343,1,"['B6832', '-2', 349, 'E0618']"
344,1,9,"['S212', '5', 272, 359, 'E0637']"
354,3,"['B1568', '-5', 362, 'E0637']"
357,4,12,"['S257', '2', 286, 374, 'E0944']"
373,2,"['B7007', '-2', 376, 'E0944']"
375,4,9,"['S207', '1', 348, 433, 'E0615']"
388,5,"['B1804', '-1', 438, 'E0615']"
393,5,8,"['S207', '1', 330, 415, 'E0614']"
406,5,"['B1804', '-1', 420, 'E0614']"
411,9,8,"['S237', '1', 349, 431, 'E0880']"
428,8,"['B9050', '-1', 439, 'E0880']"
436,12,8,"['S212', '3', 369, 458, 'E0639']"
456,1,"['B7397', '-3', 459, 'E0639']"
457,4,10,"['S237', '4', 422, 510, 'E0878']"
471,2,"['B7972', '-4', 512, 'E0878']"
473,2,11,"['S237', '3', 420, 505, 'E0876']"
486,5,"['B5308', '-3', 510, 'E0876']"
491,3,10,"['S269', '5', 427, 512, 'E0988']"
504,5,"['B8708', '-5', 517, 'E0988']"
509,10,12,"['S207', '6', 448, 532, 'E0616']"
531,6,"['B0225', '-6', 538, 'E0616']"
537,2,12,"['S251', '9', 470, 555, 'E0933']"
551,5,"['B1348', '-9', 560, 'E0933']"
556,5,14,"['S256', '1', 492, 580, 'E0942']"
575,2,"['B0957', '-1', 582, 'E0942']"
577,7,8,"['S212', '3', 505, 592, 'E0638']"
592,3,"['B4899', '-3', 595, 'E0638']"
595,6,10,"['S250', '8', 525, 611, 'E0931']"
611,4,"['B0137', '-8', 615, 'E0931']"
615,10,13,"['S237', '2', 553, 638, 'E0877']"
638,5,"['B5308', '-2', 643, 'E0877']"
643,4,9,"['S256', '1', 623, 706, 'E0940']"
656,7,"['B4556', '-1', 713, 'E0940']"
663,7,8,"['S250', '12', 593, 683, 'E0932']"
678,0,"['B7639', '-12', 683, 'E0932']"
678,6,15,"['A003', '0']"
5,860
new crir
new task..............,hasoto,0
0,"['A003', '0']"
0,5,"['B1568', '63']"
5,1,29,"['B7639', '77']"
35,6,31,"['A003', '0']"
new task..............,hasoto,0
72,"['A003', '0']"
72,1,"['B7439', '42']"
73,1,24,"['B7100', '46']"
98,1,25,"['B4899', '19']"
124,1,18,"['A003', '0']"
new task..............,hasoto,0
143,"['A003', '0']"
143,4,"['B7972', '61']"
147,1,28,"['B2767', '29']"
176,2,21,"['B4800', '23']"
199,1,19,"['A003', '0']"
new task..............,hasoto,1
219,"['A003', '0']"
219,4,"['B0225', '31']"
223,1,22,"['B3914', '31']"
246,1,22,"['B5308', '51']"
269,1,26,"['B7671', '22']"
296,7,19,"['S215', '1', 244, 328, 'E0650']"
322,6,"['B3835', '-1', 334, 'E0650']"
328,12,8,"['S237', '2', 263, 352, 'E0874']"
348,1,"['B2582', '-2', 353, 'E0874']"
349,3,9,"['S258', '3', 286, 369, 'E0946']"
361,7,"['B3756', '-3', 376, 'E0946']"
368,5,10,"['S259', '1', 299, 386, 'E0953']"
383,3,"['B5308', '-1', 389, 'E0953']"
386,3,8,"['S257', '2', 370, 459, 'E0943']"
397,1,"['B2978', '-2', 460, 'E0943']"
398,3,9,"['A003', '0']"
6,618
new crir
new task..............,hasoto,0
0,"['A003', '0']"
0,7,"['B4849', '11']"
7,2,15,"['B1310', '34']"
24,5,22,"['B4127', '36']"
51,3,23,"['B7817', '40']"
77,5,24,"['A003', '0']"
new task..............,hasoto,0
106,"['A003', '0']"
106,7,"['B6313', '31']"
113,2,22,"['B6133', '36']"
137,1,23,"['B7489', '19']"
161,2,18,"['B5810', '20']"
181,2,18,"['B2503', '25']"
201,9,20,"['A003', '0']"
new task..............,hasoto,1
230,"['A003', '0']"
230,4,"['B0957', '19']"
234,1,18,"['B4159', '24']"
253,1,20,"['B8995', '39']"
274,1,24,"['B5594', '26']"
299,2,20,"['S259', '1', 276, 360, 'E0954']"
321,6,"['B7397', '-1', 366, 'E0954']"
327,1,8,"['S210', '2', 273, 361, 'E0628']"
336,2,"['B6832', '-2', 363, 'E0628']"
338,1,9,"['S207', '1', 266, 351, 'E0613']"
348,5,"['B1804', '-1', 356, 'E0613']"
353,8,8,"['A003', '0']"
new task..............,hasoto,1
588,"['A003', '0']"
588,3,"['B2978', '67']"
591,2,30,"['S258', '1', 546, 628, 'E0947']"
623,8,"['B7817', '-1', 636, 'E0947']"
631,6,8,"['B7007', '62']"
645,4,29,"['A003', '0']"
7,1244
new crir
new task..............,hasoto,1
427,"['A003', '0']"
427,3,"['S258', 2, 430, 517, 'E0945']"
430,3,"['B2582', -2, 520, 'E0945']"
433,3,9,"['S259', 2, 441, 524, 'E0948']"
445,7,"['B1066', -2, 531, 'E0948']"
452,7,9,"['S259', 2, 470, 553, 'E0952']"
468,7,"['B4849', -2, 560, 'E0952']"
475,7,9,"['S259', 2, 486, 568, 'E0950']"
491,8,"['B2942', -2, 576, 'E0950']"
499,10,9,"['S260', 1, 492, 580, 'E0955']"
518,2,"['B5308', -1, 582, 'E0955']"
520,7,8,"['S212', 2, 499, 587, 'E0640']"
535,2,"['B0918', -2, 589, 'E0640']"
537,9,9,"['S268', 3, 505, 593, 'E0987']"
555,2,"['B5308', -3, 595, 'E0987']"
557,3,10,"['S251', 12, 532, 619, 'E0934']"
570,3,"['B7639', -12, 622, 'E0934']"
573,8,15,"['S219', 4, 537, 620, 'E0680']"
596,7,"['B1568', -4, 627, 'E0680']"
603,2,11,"['S215', 4, 557, 641, 'E0648']"
616,6,"['B2813', -4, 647, 'E0648']"
622,11,11,"['A003', '0']"
8,0
new crir
new task..............,hasoto,0
0,"['A003', '0']"
0,4,"['B0918', '48']"
4,1,26,"['B6832', '36']"
31,1,23,"['B4059', '14']"
55,1,16,"['B7397', '28']"
72,2,21,"['A003', '0']"
new task..............,hasoto,0
95,"['A003', '0']"
95,5,"['B7044', '38']"
100,3,23,"['B8976', '35']"
126,1,23,"['B0782', '37']"
150,8,23,"['A003', '0']"
new task..............,hasoto,1
181,"['A003', '0']"
181,2,"['B2582', '38']"
183,2,23,"['B8980', '14']"
208,5,16,"['S259', '3', 215, 302, 'E0949']"
229,3,"['B2582', '-3', 305, 'E0949']"
232,2,10,"['B1348', '45']"
244,2,25,"['B0884', '31']"
271,2,22,"['S207', '2', 235, 322, 'E0617']"
295,3,"['B4899', '-2', 325, 'E0617']"
298,1,9,"['S237', '3', 228, 313, 'E0875']"
308,5,"['B5308', '-3', 318, 'E0875']"
313,5,10,"['S237', '3', 251, 338, 'E0879']"
328,3,"['B0884', '-3', 341, 'E0879']"
331,2,10,"['S207', '2', 259, 348, 'E0618']"
343,1,"['B6832', '-2', 349, 'E0618']"
344,1,9,"['S212', '5', 272, 359, 'E0637']"
354,3,"['B1568', '-5', 362, 'E0637']"
357,4,12,"['S257', '2', 286, 374, 'E0944']"
373,2,"['B7007', '-2', 376, 'E0944']"
375,4,9,"['S207', '1', 348, 433, 'E0615']"
388,5,"['B1804', '-1', 438, 'E0615']"
393,5,8,"['S207', '1', 330, 415, 'E0614']"
406,5,"['B1804', '-1', 420, 'E0614']"
411,9,8,"['S237', '1', 349, 431, 'E0880']"
428,8,"['B9050', '-1', 439, 'E0880']"
436,12,8,"['S212', '3', 369, 458, 'E0639']"
456,1,"['B7397', '-3', 459, 'E0639']"
457,4,10,"['S237', '4', 422, 510, 'E0878']"
471,2,"['B7972', '-4', 512, 'E0878']"
473,2,11,"['S237', '3', 420, 505, 'E0876']"
486,5,"['B5308', '-3', 510, 'E0876']"
491,3,10,"['S269', '5', 427, 512, 'E0988']"
504,5,"['B8708', '-5', 517, 'E0988']"
509,10,12,"['S207', '6', 448, 532, 'E0616']"
531,6,"['B0225', '-6', 538, 'E0616']"
537,2,12,"['S251', '9', 470, 555, 'E0933']"
551,5,"['B1348', '-9', 560, 'E0933']"
556,5,14,"['S256', '1', 492, 580, 'E0942']"
575,2,"['B0957', '-1', 582, 'E0942']"
577,7,8,"['S212', '3', 505, 592, 'E0638']"
592,3,"['B4899', '-3', 595, 'E0638']"
595,6,10,"['S250', '8', 525, 611, 'E0931']"
611,4,"['B0137', '-8', 615, 'E0931']"
615,10,13,"['S237', '2', 553, 638, 'E0877']"
638,5,"['B5308', '-2', 643, 'E0877']"
643,4,9,"['S256', '1', 623, 706, 'E0940']"
656,7,"['B4556', '-1', 713, 'E0940']"
663,7,8,"['S250', '12', 593, 683, 'E0932']"
678,0,"['B7639', '-12', 683, 'E0932']"
678,6,15,"['A003', '0']"
5,860
new crir
new task..............,hasoto,0
0,"['A003', '0']"
0,5,"['B1568', '63']"
5,1,29,"['B7639', '77']"
35,6,31,"['A003', '0']"
new task..............,hasoto,0
72,"['A003', '0']"
72,1,"['B7439', '42']"
73,1,24,"['B7100', '46']"
98,1,25,"['B4899', '19']"
124,1,18,"['A003', '0']"
new task..............,hasoto,0
143,"['A003', '0']"
143,4,"['B7972', '61']"
147,1,28,"['B2767', '29']"
176,2,21,"['B4800', '23']"
199,1,19,"['A003', '0']"
new task..............,hasoto,1
219,"['A003', '0']"
219,4,"['B0225', '31']"
223,1,22,"['B3914', '31']"
246,1,22,"['B5308', '51']"
269,1,26,"['B7671', '22']"
296,7,19,"['S215', '1', 244, 328, 'E0650']"
322,6,"['B3835', '-1', 334, 'E0650']"
328,12,8,"['S237', '2', 263, 352, 'E0874']"
348,1,"['B2582', '-2', 353, 'E0874']"
349,3,9,"['S258', '3', 286, 369, 'E0946']"
361,7,"['B3756', '-3', 376, 'E0946']"
368,5,10,"['S259', '1', 299, 386, 'E0953']"
383,3,"['B5308', '-1', 389, 'E0953']"
386,3,8,"['S257', '2', 370, 459, 'E0943']"
397,1,"['B2978', '-2', 460, 'E0943']"
398,3,9,"['A003', '0']"
6,618
new crir
new task..............,hasoto,0
0,"['A003', '0']"
0,7,"['B4849', '11']"
7,2,15,"['B1310', '34']"
24,5,22,"['B4127', '36']"
51,3,23,"['B7817', '40']"
77,5,24,"['A003', '0']"
new task..............,hasoto,0
106,"['A003', '0']"
106,7,"['B6313', '31']"
113,2,22,"['B6133', '36']"
137,1,23,"['B7489', '19']"
161,2,18,"['B5810', '20']"
181,2,18,"['B2503', '25']"
201,9,20,"['A003', '0']"
new task..............,hasoto,1
230,"['A003', '0']"
230,4,"['B0957', '19']"
234,1,18,"['B4159', '24']"
253,1,20,"['B8995', '39']"
274,1,24,"['B5594', '26']"
299,2,20,"['S259', '1', 276, 360, 'E0954']"
321,6,"['B7397', '-1', 366, 'E0954']"
327,1,8,"['S210', '2', 273, 361, 'E0628']"
336,2,"['B6832', '-2', 363, 'E0628']"
338,1,9,"['S207', '1', 266, 351, 'E0613']"
348,5,"['B1804', '-1', 356, 'E0613']"
353,8,8,"['A003', '0']"
new task..............,hasoto,1
588,"['A003', '0']"
588,3,"['B2978', '67']"
591,2,30,"['S258', '1', 546, 628, 'E0947']"
623,8,"['B7817', '-1', 636, 'E0947']"
631,6,8,"['B7007', '62']"
645,4,29,"['A003', '0']"
7,1244
new crir
new task..............,hasoto,1
427,"['A003', '0']"
427,3,"['S258', 2, 430, 517, 'E0945']"
430,3,"['B2582', -2, 520, 'E0945']"
433,3,9,"['S259', 2, 441, 524, 'E0948']"
445,7,"['B1066', -2, 531, 'E0948']"
452,7,9,"['S259', 2, 470, 553, 'E0952']"
468,7,"['B4849', -2, 560, 'E0952']"
475,7,9,"['S259', 2, 486, 568, 'E0950']"
491,8,"['B2942', -2, 576, 'E0950']"
499,10,9,"['S260', 1, 492, 580, 'E0955']"
518,2,"['B5308', -1, 582, 'E0955']"
520,7,8,"['S212', 2, 499, 587, 'E0640']"
535,2,"['B0918', -2, 589, 'E0640']"
537,9,9,"['S268', 3, 505, 593, 'E0987']"
555,2,"['B5308', -3, 595, 'E0987']"
557,3,10,"['S251', 12, 532, 619, 'E0934']"
570,3,"['B7639', -12, 622, 'E0934']"
573,8,15,"['S219', 4, 537, 620, 'E0680']"
596,7,"['B1568', -4, 627, 'E0680']"
603,2,11,"['S215', 4, 557, 641, 'E0648']"
616,6,"['B2813', -4, 647, 'E0648']"
622,11,11,"['A003', '0']"
8,0
