new crir
new task..............,hasoto,0
0,"['A004', '0']"
0,8,"['B1865', '48']"
8,1,26,"['B2127', '35']"
35,1,23,"['B4671', '10']"
59,2,14,"['B0766', '15']"
75,2,17,"['B8814', '12']"
94,2,15,"['B6529', '16']"
111,3,17,"['A004', '0']"
new task..............,hasoto,0
131,"['A004', '0']"
131,3,"['B0895', '55']"
134,1,27,"['B6375', '31']"
162,1,22,"['B2041', '40']"
185,5,24,"['A004', '0']"
new task..............,hasoto,1
214,"['A004', '0']"
214,2,"['B6557', '31']"
216,2,22,"['B2611', '37']"
240,2,23,"['B8186', '57']"
265,11,28,"['S404', '3', 237, 326, 'E1519']"
304,1,"['B2818', '-3', 327, 'E1519']"
305,1,10,"['S404', '4', 259, 347, 'E1520']"
316,2,"['B8336', '-4', 349, 'E1520']"
318,2,11,"['S401', '2', 258, 344, 'E1509']"
331,4,"['B0590', '-2', 348, 'E1509']"
335,4,9,"['S394', '2', 299, 384, 'E1460']"
348,5,"['B0869', '-2', 389, 'E1460']"
353,4,9,"['S401', '2', 319, 408, 'E1505']"
366,1,"['B4770', '-2', 409, 'E1505']"
367,1,9,"['S394', '4', 292, 380, 'E1458']"
377,2,"['B6069', '-4', 382, 'E1458']"
379,2,11,"['S394', '2', 310, 396, 'E1457']"
392,4,"['B5966', '-2', 400, 'E1457']"
396,5,9,"['S386', '14', 408, 493, 'E1437']"
410,5,"['B0304', '-14', 498, 'E1437']"
415,3,16,"['S401', '2', 413, 500, 'E1507']"
434,3,"['B4778', '-2', 503, 'E1507']"
437,11,9,"['S355', '1', 428, 511, 'E1257']"
457,7,"['B0667', '-1', 518, 'E1257']"
464,13,8,"['S401', '2', 455, 544, 'E1506']"
485,1,"['B4770', '-2', 545, 'E1506']"
486,9,9,"['S355', '1', 482, 561, 'E1258']"
504,11,"['B6949', '-1', 572, 'E1258']"
515,18,8,"['S386', '14', 540, 629, 'E1436']"
541,1,"['B1865', '-14', 630, 'E1436']"
542,1,16,"['S404', '5', 505, 592, 'E1517']"
559,3,"['B0202', '-5', 595, 'E1517']"
562,7,12,"['A004', '0']"
9,778
new crir
new task..............,hasoto,0
0,"['A004', '0']"
0,8,"['B1865', '48']"
8,1,26,"['B2127', '35']"
35,1,23,"['B4671', '10']"
59,2,14,"['B0766', '15']"
75,2,17,"['B8814', '12']"
94,2,15,"['B6529', '16']"
111,3,17,"['A004', '0']"
new task..............,hasoto,0
131,"['A004', '0']"
131,3,"['B0895', '55']"
134,1,27,"['B6375', '31']"
162,1,22,"['B2041', '40']"
185,5,24,"['A004', '0']"
new task..............,hasoto,1
214,"['A004', '0']"
214,2,"['B6557', '31']"
216,2,22,"['B2611', '37']"
240,2,23,"['B8186', '57']"
265,11,28,"['S404', '3', 237, 326, 'E1519']"
304,1,"['B2818', '-3', 327, 'E1519']"
305,1,10,"['S404', '4', 259, 347, 'E1520']"
316,2,"['B8336', '-4', 349, 'E1520']"
318,2,11,"['S401', '2', 258, 344, 'E1509']"
331,4,"['B0590', '-2', 348, 'E1509']"
335,4,9,"['S394', '2', 299, 384, 'E1460']"
348,5,"['B0869', '-2', 389, 'E1460']"
353,4,9,"['S401', '2', 319, 408, 'E1505']"
366,1,"['B4770', '-2', 409, 'E1505']"
367,1,9,"['S394', '4', 292, 380, 'E1458']"
377,2,"['B6069', '-4', 382, 'E1458']"
379,2,11,"['S394', '2', 310, 396, 'E1457']"
392,4,"['B5966', '-2', 400, 'E1457']"
396,5,9,"['S386', '14', 408, 493, 'E1437']"
410,5,"['B0304', '-14', 498, 'E1437']"
415,3,16,"['S401', '2', 413, 500, 'E1507']"
434,3,"['B4778', '-2', 503, 'E1507']"
437,11,9,"['S355', '1', 428, 511, 'E1257']"
457,7,"['B0667', '-1', 518, 'E1257']"
464,13,8,"['S401', '2', 455, 544, 'E1506']"
485,1,"['B4770', '-2', 545, 'E1506']"
486,9,9,"['S355', '1', 482, 561, 'E1258']"
504,11,"['B6949', '-1', 572, 'E1258']"
515,18,8,"['S386', '14', 540, 629, 'E1436']"
541,1,"['B1865', '-14', 630, 'E1436']"
542,1,16,"['S404', '5', 505, 592, 'E1517']"
559,3,"['B0202', '-5', 595, 'E1517']"
562,7,12,"['A004', '0']"
9,778
