new crir
new task..............,hasoto,0
0,"['A005', '0']"
0,5,"['B1780', '27']"
5,1,21,"['B0697', '24']"
27,2,20,"['B3923', '34']"
49,2,22,"['B7570', '32']"
73,4,22,"['A005', '0']"
new task..............,hasoto,0
99,"['A005', '0']"
99,3,"['B8791', '11']"
102,1,15,"['B0095', '7']"
118,3,13,"['B4035', '20']"
134,3,18,"['B9131', '27']"
155,4,21,"['B0889', '52']"
180,2,27,"['A005', '0']"
new task..............,hasoto,1
209,"['A005', '0']"
209,1,"['B2926', '21']"
210,1,19,"['B3632', '37']"
230,3,23,"['B5170', '14']"
256,1,16,"['B6398', '27']"
273,1,21,"['S087', '2', 222, 310, 'E0167']"
295,2,"['B8326', '-2', 312, 'E0167']"
297,0,9,"['B8326', '16']"
306,3,17,"['S090', '2', 268, 356, 'E0173']"
326,2,"['B3923', '-2', 358, 'E0173']"
328,5,9,"['S088', '14', 330, 417, 'E0169']"
342,3,"['B1109', '-14', 420, 'E0169']"
345,3,16,"['S087', '1', 359, 446, 'E0168']"
364,3,"['B0095', '-1', 449, 'E0168']"
367,2,8,"['B6183', '23']"
377,2,19,"['A005', '0']"
10,596
new crir
new task..............,hasoto,0
0,"['A005', '0']"
0,2,"['B6132', '6']"
2,2,12,"['B6743', '21']"
16,1,19,"['B1039', '24']"
36,2,20,"['B8320', '5']"
58,3,12,"['B7374', '34']"
73,2,22,"['B3817', '9']"
97,1,14,"['B5252', '23']"
112,3,19,"['A005', '0']"
new task..............,hasoto,0
134,"['A005', '0']"
134,7,"['B2806', '61']"
141,1,28,"['B6542', '39']"
170,4,24,"['B1144', '12']"
198,8,15,"['B6633', '21']"
221,6,19,"['A005', '0']"
new task..............,hasoto,0
246,"['A005', '0']"
246,6,"['B2940', '27']"
252,3,21,"['B6608', '27']"
276,2,21,"['B2882', '63']"
299,7,29,"['A005', '0']"
11,335
new crir
new task..............,hasoto,1
409,"['A005', '0']"
409,6,"['S087', 2, 415, 504, 'E0166']"
415,1,"['B6398', -2, 505, 'E0166']"
416,1,9,"['S087', 5, 584, 667, 'E0165']"
426,7,"['B1592', -5, 674, 'E0165']"
433,5,12,"['S089', 3, 592, 680, 'E0170']"
450,2,"['B0203', -3, 682, 'E0170']"
452,2,10,"['S089', 1, 621, 708, 'E0172']"
464,3,"['B3515', -1, 711, 'E0172']"
467,9,8,"['A005', '0']"
12,0
new crir
new task..............,hasoto,0
0,"['A005', '0']"
0,5,"['B1780', '27']"
5,1,21,"['B0697', '24']"
27,2,20,"['B3923', '34']"
49,2,22,"['B7570', '32']"
73,4,22,"['A005', '0']"
new task..............,hasoto,0
99,"['A005', '0']"
99,3,"['B8791', '11']"
102,1,15,"['B0095', '7']"
118,3,13,"['B4035', '20']"
134,3,18,"['B9131', '27']"
155,4,21,"['B0889', '52']"
180,2,27,"['A005', '0']"
new task..............,hasoto,1
209,"['A005', '0']"
209,1,"['B2926', '21']"
210,1,19,"['B3632', '37']"
230,3,23,"['B5170', '14']"
256,1,16,"['B6398', '27']"
273,1,21,"['S087', '2', 222, 310, 'E0167']"
295,2,"['B8326', '-2', 312, 'E0167']"
297,0,9,"['B8326', '16']"
306,3,17,"['S090', '2', 268, 356, 'E0173']"
326,2,"['B3923', '-2', 358, 'E0173']"
328,5,9,"['S088', '14', 330, 417, 'E0169']"
342,3,"['B1109', '-14', 420, 'E0169']"
345,3,16,"['S087', '1', 359, 446, 'E0168']"
364,3,"['B0095', '-1', 449, 'E0168']"
367,2,8,"['B6183', '23']"
377,2,19,"['A005', '0']"
10,596
new crir
new task..............,hasoto,0
0,"['A005', '0']"
0,2,"['B6132', '6']"
2,2,12,"['B6743', '21']"
16,1,19,"['B1039', '24']"
36,2,20,"['B8320', '5']"
58,3,12,"['B7374', '34']"
73,2,22,"['B3817', '9']"
97,1,14,"['B5252', '23']"
112,3,19,"['A005', '0']"
new task..............,hasoto,0
134,"['A005', '0']"
134,7,"['B2806', '61']"
141,1,28,"['B6542', '39']"
170,4,24,"['B1144', '12']"
198,8,15,"['B6633', '21']"
221,6,19,"['A005', '0']"
new task..............,hasoto,0
246,"['A005', '0']"
246,6,"['B2940', '27']"
252,3,21,"['B6608', '27']"
276,2,21,"['B2882', '63']"
299,7,29,"['A005', '0']"
11,335
new crir
new task..............,hasoto,1
409,"['A005', '0']"
409,6,"['S087', 2, 415, 504, 'E0166']"
415,1,"['B6398', -2, 505, 'E0166']"
416,1,9,"['S087', 5, 584, 667, 'E0165']"
426,7,"['B1592', -5, 674, 'E0165']"
433,5,12,"['S089', 3, 592, 680, 'E0170']"
450,2,"['B0203', -3, 682, 'E0170']"
452,2,10,"['S089', 1, 621, 708, 'E0172']"
464,3,"['B3515', -1, 711, 'E0172']"
467,9,8,"['A005', '0']"
12,0
