new crir
new task..............,hasoto,0
0,"['A006', '0']"
0,23,"['B5933', '34']"
23,3,22,"['B5288', '43']"
48,4,25,"['B6686', '24']"
77,22,20,"['A006', '0']"
new task..............,hasoto,0
119,"['A006', '0']"
119,11,"['B4633', '14']"
130,2,16,"['B7856', '17']"
148,1,17,"['B4234', '19']"
166,2,18,"['B1281', '64']"
186,9,29,"['A006', '0']"
new task..............,hasoto,0
224,"['A006', '0']"
224,13,"['B2015', '56']"
237,1,27,"['B2606', '28']"
265,2,21,"['B4804', '28']"
288,3,21,"['B3833', '11']"
312,12,15,"['A006', '0']"
new task..............,hasoto,0
339,"['A006', '0']"
339,8,"['B1250', '33']"
347,4,22,"['B8007', '37']"
373,5,23,"['B5330', '39']"
401,7,24,"['A006', '0']"
new task..............,hasoto,0
432,"['A006', '0']"
432,8,"['B3917', '34']"
440,2,22,"['B8555', '17']"
464,2,17,"['B5000', '9']"
483,3,14,"['B3585', '42']"
500,2,24,"['B2209', '15']"
526,8,17,"['A006', '0']"
new task..............,hasoto,0
551,"['A006', '0']"
551,21,"['B6367', '42']"
572,2,24,"['B1044', '42']"
598,1,24,"['B8610', '25']"
623,2,20,"['B8812', '26']"
645,17,20,"['A006', '0']"
13,682
new crir
new task..............,hasoto,0
0,"['A006', '0']"
0,25,"['B0104', '28']"
25,2,21,"['B1897', '72']"
48,26,30,"['A006', '0']"
new task..............,hasoto,0
104,"['A006', '0']"
104,13,"['B1708', '24']"
117,3,20,"['B3808', '43']"
140,1,25,"['B7619', '45']"
166,10,25,"['A006', '0']"
new task..............,hasoto,0
201,"['A006', '0']"
201,21,"['B2527', '3']"
222,5,10,"['B0524', '48']"
237,2,26,"['B2055', '20']"
265,1,18,"['B4240', '29']"
284,2,21,"['B8138', '36']"
307,14,23,"['A006', '0']"
new task..............,hasoto,0
344,"['A006', '0']"
344,31,"['B3520', '10']"
375,3,14,"['B4598', '9']"
392,4,14,"['B8144', '30']"
410,1,21,"['B1074', '29']"
432,26,21,"['A006', '0']"
new task..............,hasoto,0
479,"['A006', '0']"
479,10,"['B3344', '8']"
489,4,13,"['B6944', '36']"
506,2,23,"['B0375', '40']"
531,6,24,"['B4011', '13']"
561,1,16,"['B8838', '9']"
578,11,14,"['A006', '0']"
14,603
new crir
new task..............,hasoto,0
0,"['A006', '0']"
0,5,"['B2832', '19']"
5,4,18,"['B1132', '11']"
27,4,15,"['B5289', '8']"
46,2,13,"['B1684', '12']"
61,2,15,"['B7267', '8']"
78,4,13,"['B1683', '20']"
95,3,18,"['B7179', '9']"
116,3,14,"['B6669', '15']"
133,2,17,"['B5892', '34']"
152,6,22,"['A006', '0']"
new task..............,hasoto,0
180,"['A006', '0']"
180,27,"['B8231', '11']"
207,2,15,"['B2169', '36']"
224,1,23,"['B7253', '31']"
248,1,22,"['B8929', '25']"
271,1,20,"['B1650', '25']"
292,23,20,"['A006', '0']"
new task..............,hasoto,0
335,"['A006', '0']"
335,6,"['B8174', '10']"
341,1,14,"['B4291', '10']"
356,2,14,"['B0663', '38']"
372,2,23,"['B8977', '14']"
397,7,16,"['B4525', '23']"
420,2,19,"['B8902', '13']"
441,4,16,"['B5630', '9']"
461,1,14,"['B1247', '15']"
476,8,17,"['A006', '0']"
new task..............,hasoto,0
501,"['A006', '0']"
501,18,"['B1999', '34']"
519,4,22,"['B2673', '35']"
545,5,23,"['B3566', '36']"
573,17,23,"['A006', '0']"
15,613
new crir
new task..............,hasoto,0
0,"['A006', '0']"
0,12,"['B6812', '18']"
12,2,18,"['B1483', '16']"
32,2,17,"['B7767', '31']"
51,2,22,"['B4409', '20']"
75,3,18,"['B3813', '41']"
96,2,24,"['B3511', '8']"
122,12,13,"['A006', '0']"
new task..............,hasoto,0
147,"['A006', '0']"
147,16,"['B6813', '57']"
163,1,28,"['B0734', '23']"
192,1,19,"['B7214', '22']"
212,1,19,"['B6900', '1']"
232,3,8,"['B6760', '11']"
243,4,15,"['B5612', '9']"
262,11,14,"['A006', '0']"
new task..............,hasoto,0
287,"['A006', '0']"
287,6,"['B2095', '19']"
293,2,18,"['B6627', '14']"
313,4,16,"['B7331', '26']"
333,3,20,"['B0181', '33']"
356,3,22,"['B0567', '33']"
381,2,22,"['B5868', '7']"
405,4,13,"['A006', '0']"
new task..............,hasoto,0
422,"['A006', '0']"
422,8,"['B9037', '10']"
430,2,14,"['B2612', '43']"
446,3,25,"['B2418', '49']"
474,1,26,"['B0434', '30']"
501,10,21,"['A006', '0']"
new task..............,hasoto,0
532,"['A006', '0']"
532,13,"['B1260', '4']"
545,1,11,"['B7851', '20']"
557,1,18,"['B6775', '18']"
576,2,18,"['B6653', '33']"
596,1,22,"['B0875', '48']"
619,11,26,"['A006', '0']"
16,656
new crir
new task..............,hasoto,0
0,"['A006', '0']"
0,9,"['B7663', '6']"
9,4,12,"['B5225', '41']"
25,1,24,"['B5382', '45']"
50,1,25,"['B5725', '41']"
76,14,24,"['A006', '0']"
new task..............,hasoto,0
114,"['A006', '0']"
114,19,"['B2154', '50']"
133,2,26,"['B7571', '26']"
161,1,20,"['B2827', '46']"
182,23,25,"['A006', '0']"
new task..............,hasoto,0
230,"['A006', '0']"
230,11,"['B7866', '24']"
241,1,20,"['B3581', '23']"
262,1,19,"['B8655', '14']"
282,1,16,"['B7369', '34']"
299,1,22,"['B5322', '16']"
322,15,17,"['A006', '0']"
new task..............,hasoto,0
354,"['A006', '0']"
354,7,"['B1633', '8']"
361,3,13,"['B4312', '18']"
377,2,18,"['B1263', '13']"
397,5,16,"['B5373', '14']"
418,2,16,"['A006', '0']"
new task..............,hasoto,0
436,"['A006', '0']"
436,12,"['B0361', '67']"
448,2,30,"['B4485', '41']"
480,2,24,"['B2374', '16']"
506,3,17,"['B3201', '15']"
526,16,17,"['A006', '0']"
new task..............,hasoto,0
559,"['A006', '0']"
559,24,"['B4499', '63']"
583,2,29,"['B2893', '60']"
614,24,28,"['A006', '0']"
17,666
new crir
new task..............,hasoto,0
0,"['A006', '0']"
0,23,"['B5933', '34']"
23,3,22,"['B5288', '43']"
48,4,25,"['B6686', '24']"
77,22,20,"['A006', '0']"
new task..............,hasoto,0
119,"['A006', '0']"
119,11,"['B4633', '14']"
130,2,16,"['B7856', '17']"
148,1,17,"['B4234', '19']"
166,2,18,"['B1281', '64']"
186,9,29,"['A006', '0']"
new task..............,hasoto,0
224,"['A006', '0']"
224,13,"['B2015', '56']"
237,1,27,"['B2606', '28']"
265,2,21,"['B4804', '28']"
288,3,21,"['B3833', '11']"
312,12,15,"['A006', '0']"
new task..............,hasoto,0
339,"['A006', '0']"
339,8,"['B1250', '33']"
347,4,22,"['B8007', '37']"
373,5,23,"['B5330', '39']"
401,7,24,"['A006', '0']"
new task..............,hasoto,0
432,"['A006', '0']"
432,8,"['B3917', '34']"
440,2,22,"['B8555', '17']"
464,2,17,"['B5000', '9']"
483,3,14,"['B3585', '42']"
500,2,24,"['B2209', '15']"
526,8,17,"['A006', '0']"
new task..............,hasoto,0
551,"['A006', '0']"
551,21,"['B6367', '42']"
572,2,24,"['B1044', '42']"
598,1,24,"['B8610', '25']"
623,2,20,"['B8812', '26']"
645,17,20,"['A006', '0']"
13,682
new crir
new task..............,hasoto,0
0,"['A006', '0']"
0,25,"['B0104', '28']"
25,2,21,"['B1897', '72']"
48,26,30,"['A006', '0']"
new task..............,hasoto,0
104,"['A006', '0']"
104,13,"['B1708', '24']"
117,3,20,"['B3808', '43']"
140,1,25,"['B7619', '45']"
166,10,25,"['A006', '0']"
new task..............,hasoto,0
201,"['A006', '0']"
201,21,"['B2527', '3']"
222,5,10,"['B0524', '48']"
237,2,26,"['B2055', '20']"
265,1,18,"['B4240', '29']"
284,2,21,"['B8138', '36']"
307,14,23,"['A006', '0']"
new task..............,hasoto,0
344,"['A006', '0']"
344,31,"['B3520', '10']"
375,3,14,"['B4598', '9']"
392,4,14,"['B8144', '30']"
410,1,21,"['B1074', '29']"
432,26,21,"['A006', '0']"
new task..............,hasoto,0
479,"['A006', '0']"
479,10,"['B3344', '8']"
489,4,13,"['B6944', '36']"
506,2,23,"['B0375', '40']"
531,6,24,"['B4011', '13']"
561,1,16,"['B8838', '9']"
578,11,14,"['A006', '0']"
14,603
new crir
new task..............,hasoto,0
0,"['A006', '0']"
0,5,"['B2832', '19']"
5,4,18,"['B1132', '11']"
27,4,15,"['B5289', '8']"
46,2,13,"['B1684', '12']"
61,2,15,"['B7267', '8']"
78,4,13,"['B1683', '20']"
95,3,18,"['B7179', '9']"
116,3,14,"['B6669', '15']"
133,2,17,"['B5892', '34']"
152,6,22,"['A006', '0']"
new task..............,hasoto,0
180,"['A006', '0']"
180,27,"['B8231', '11']"
207,2,15,"['B2169', '36']"
224,1,23,"['B7253', '31']"
248,1,22,"['B8929', '25']"
271,1,20,"['B1650', '25']"
292,23,20,"['A006', '0']"
new task..............,hasoto,0
335,"['A006', '0']"
335,6,"['B8174', '10']"
341,1,14,"['B4291', '10']"
356,2,14,"['B0663', '38']"
372,2,23,"['B8977', '14']"
397,7,16,"['B4525', '23']"
420,2,19,"['B8902', '13']"
441,4,16,"['B5630', '9']"
461,1,14,"['B1247', '15']"
476,8,17,"['A006', '0']"
new task..............,hasoto,0
501,"['A006', '0']"
501,18,"['B1999', '34']"
519,4,22,"['B2673', '35']"
545,5,23,"['B3566', '36']"
573,17,23,"['A006', '0']"
15,613
new crir
new task..............,hasoto,0
0,"['A006', '0']"
0,12,"['B6812', '18']"
12,2,18,"['B1483', '16']"
32,2,17,"['B7767', '31']"
51,2,22,"['B4409', '20']"
75,3,18,"['B3813', '41']"
96,2,24,"['B3511', '8']"
122,12,13,"['A006', '0']"
new task..............,hasoto,0
147,"['A006', '0']"
147,16,"['B6813', '57']"
163,1,28,"['B0734', '23']"
192,1,19,"['B7214', '22']"
212,1,19,"['B6900', '1']"
232,3,8,"['B6760', '11']"
243,4,15,"['B5612', '9']"
262,11,14,"['A006', '0']"
new task..............,hasoto,0
287,"['A006', '0']"
287,6,"['B2095', '19']"
293,2,18,"['B6627', '14']"
313,4,16,"['B7331', '26']"
333,3,20,"['B0181', '33']"
356,3,22,"['B0567', '33']"
381,2,22,"['B5868', '7']"
405,4,13,"['A006', '0']"
new task..............,hasoto,0
422,"['A006', '0']"
422,8,"['B9037', '10']"
430,2,14,"['B2612', '43']"
446,3,25,"['B2418', '49']"
474,1,26,"['B0434', '30']"
501,10,21,"['A006', '0']"
new task..............,hasoto,0
532,"['A006', '0']"
532,13,"['B1260', '4']"
545,1,11,"['B7851', '20']"
557,1,18,"['B6775', '18']"
576,2,18,"['B6653', '33']"
596,1,22,"['B0875', '48']"
619,11,26,"['A006', '0']"
16,656
new crir
new task..............,hasoto,0
0,"['A006', '0']"
0,9,"['B7663', '6']"
9,4,12,"['B5225', '41']"
25,1,24,"['B5382', '45']"
50,1,25,"['B5725', '41']"
76,14,24,"['A006', '0']"
new task..............,hasoto,0
114,"['A006', '0']"
114,19,"['B2154', '50']"
133,2,26,"['B7571', '26']"
161,1,20,"['B2827', '46']"
182,23,25,"['A006', '0']"
new task..............,hasoto,0
230,"['A006', '0']"
230,11,"['B7866', '24']"
241,1,20,"['B3581', '23']"
262,1,19,"['B8655', '14']"
282,1,16,"['B7369', '34']"
299,1,22,"['B5322', '16']"
322,15,17,"['A006', '0']"
new task..............,hasoto,0
354,"['A006', '0']"
354,7,"['B1633', '8']"
361,3,13,"['B4312', '18']"
377,2,18,"['B1263', '13']"
397,5,16,"['B5373', '14']"
418,2,16,"['A006', '0']"
new task..............,hasoto,0
436,"['A006', '0']"
436,12,"['B0361', '67']"
448,2,30,"['B4485', '41']"
480,2,24,"['B2374', '16']"
506,3,17,"['B3201', '15']"
526,16,17,"['A006', '0']"
new task..............,hasoto,0
559,"['A006', '0']"
559,24,"['B4499', '63']"
583,2,29,"['B2893', '60']"
614,24,28,"['A006', '0']"
17,666
