new crir
new task..............,hasoto,0
0,"['A011', '0']"
0,2,"['B2116', '35']"
2,2,23,"['B4749', '34']"
27,3,22,"['B4152', '17']"
52,2,17,"['B8731', '28']"
71,3,21,"['A011', '0']"
new task..............,hasoto,0
95,"['A011', '0']"
95,4,"['B6219', '56']"
99,1,27,"['B0234', '35']"
127,1,23,"['B6297', '21']"
151,1,19,"['B2561', '23']"
171,5,19,"['A011', '0']"
new task..............,hasoto,1
195,"['A011', '0']"
195,7,"['B6144', '15']"
202,2,17,"['S461', '1', 210, 297, 'E1735']"
221,3,"['B3024', '-1', 300, 'E1735']"
224,0,8,"['B3024', '5']"
232,3,12,"['S461', '1', 210, 298, 'E1750']"
247,2,"['B6138', '-1', 300, 'E1750']"
249,0,8,"['B6138', '30']"
257,2,21,"['S464', '4', 211, 299, 'E1793']"
280,2,"['B7330', '-4', 301, 'E1793']"
282,2,11,"['S464', '3', 215, 303, 'E1800']"
295,2,"['B8799', '-3', 305, 'E1800']"
297,3,10,"['S461', '2', 230, 317, 'E1737']"
310,3,"['B3024', '-2', 320, 'E1737']"
313,4,9,"['S464', '2', 237, 326, 'E1788']"
326,1,"['B6187', '-2', 327, 'E1788']"
327,1,9,"['S464', '1', 253, 343, 'E1796']"
337,0,"['B7491', '-1', 343, 'E1796']"
337,0,8,"['S467', '2', 259, 346, 'E1808']"
345,3,"['B3024', '-2', 349, 'E1808']"
348,4,9,"['S464', '1', 275, 365, 'E1797']"
361,0,"['B7491', '-1', 365, 'E1797']"
361,0,8,"['S464', '3', 282, 370, 'E1794']"
369,2,"['B7330', '-3', 372, 'E1794']"
371,2,10,"['S464', '8', 296, 385, 'E1770']"
383,1,"['B4648', '-8', 386, 'E1770']"
384,3,13,"['S461', '1', 317, 406, 'E1754']"
400,1,"['B0091', '-1', 407, 'E1754']"
401,1,8,"['S461', '2', 329, 418, 'E1741']"
410,1,"['B3565', '-2', 419, 'E1741']"
411,1,9,"['S461', '1', 380, 469, 'E1756']"
421,1,"['B0091', '-1', 470, 'E1756']"
422,1,8,"['S461', '1', 344, 433, 'E1755']"
431,1,"['B0091', '-1', 434, 'E1755']"
432,2,8,"['S464', '2', 400, 486, 'E1787']"
442,4,"['B6144', '-2', 490, 'E1787']"
446,2,9,"['S461', '1', 387, 476, 'E1749']"
457,1,"['B5967', '-1', 477, 'E1749']"
458,1,8,"['S461', '1', 380, 467, 'E1740']"
467,3,"['B3024', '-1', 470, 'E1740']"
470,3,8,"['S461', '1', 446, 487, 'E1747']"
481,49,"['B5722', '-1', 536, 'E1747']"
530,49,8,"['S467', '2', 563, 650, 'E1810']"
587,3,"['B3024', '-2', 653, 'E1810']"
590,3,9,"['S467', '2', 518, 605, 'E1809']"
602,3,"['B3024', '-2', 608, 'E1809']"
605,4,9,"['S464', '3', 564, 652, 'E1802']"
618,2,"['B0091', '-3', 654, 'E1802']"
620,2,10,"['S467', '3', 557, 645, 'E1818']"
632,2,"['B6138', '-3', 647, 'E1818']"
634,1,10,"['B8799', '17']"
645,1,17,"['S467', '3', 578, 665, 'E1811']"
663,3,"['B3024', '-3', 668, 'E1811']"
666,4,10,"['S464', '1', 598, 688, 'E1798']"
680,0,"['B7491', '-1', 688, 'E1798']"
680,1,8,"['B6187', '60']"
689,1,28,"['S464', '1', 629, 718, 'E1791']"
718,1,"['B6187', '-1', 719, 'E1791']"
719,4,8,"['A011', '0']"
46,916
new crir
new task..............,hasoto,0
0,"['A011', '0']"
0,2,"['B4648', '68']"
2,1,30,"['B1129', '11']"
33,2,15,"['B9162', '7']"
50,2,13,"['B6245', '2']"
65,3,9,"['B3565', '19']"
77,2,18,"['B7491', '24']"
97,3,20,"['A011', '0']"
new task..............,hasoto,1
120,"['A011', '0']"
120,2,"['B7330', '34']"
122,2,22,"['B5528', '6']"
146,2,12,"['B0831', '35']"
160,1,23,"['B8823', '55']"
184,6,27,"['S461', '1', 216, 303, 'E1736']"
217,3,"['B3024', '-1', 306, 'E1736']"
220,9,8,"['S470', '5', 226, 310, 'E1832']"
237,6,"['B8799', '-5', 316, 'E1832']"
243,2,12,"['S464', '2', 215, 257, 'E1771']"
257,48,"['B5722', '-2', 305, 'E1771']"
305,48,9,"['S464', '3', 288, 376, 'E1801']"
362,2,"['B8799', '-3', 378, 'E1801']"
364,2,10,"['S464', '3', 295, 381, 'E1762']"
376,4,"['B3024', '-3', 385, 'E1762']"
380,3,10,"['S461', '2', 309, 396, 'E1739']"
393,3,"['B3024', '-2', 399, 'E1739']"
396,6,9,"['A011', '0']"
new task..............,hasoto,1
516,"['A011', '0']"
516,2,"['B2731', '33']"
518,4,22,"['S464', '1', 464, 553, 'E1790']"
544,1,"['B6187', '-1', 554, 'E1790']"
545,8,8,"['B6808', '37']"
561,3,23,"['B2844', '69']"
587,4,30,"['S464', '1', 586, 672, 'E1766']"
621,4,"['B3024', '-1', 676, 'E1766']"
625,4,8,"['S464', '3', 581, 667, 'E1765']"
637,4,"['B3024', '-3', 671, 'E1765']"
641,3,10,"['S461', '1', 582, 671, 'E1734']"
654,1,"['B1391', '-1', 672, 'E1734']"
655,1,8,"['S461', '1', 582, 671, 'E1743']"
664,1,"['B3565', '-1', 672, 'E1743']"
665,1,8,"['S461', '1', 612, 699, 'E1753']"
674,3,"['B8799', '-1', 702, 'E1753']"
677,1,8,"['S467', '2', 615, 704, 'E1819']"
686,1,"['B6187', '-2', 705, 'E1819']"
687,1,9,"['S464', '1', 618, 706, 'E1786']"
697,2,"['B6138', '-1', 708, 'E1786']"
699,5,8,"['A011', '0']"
47,1216
new crir
new task..............,hasoto,0
0,"['A011', '0']"
0,1,"['B4530', '19']"
1,3,18,"['B5967', '38']"
22,2,23,"['B0091', '15']"
47,5,17,"['A011', '0']"
48,69
new crir
new task..............,hasoto,1
217,"['A011', '0']"
217,3,"['S467', 2, 220, 261, 'E1813']"
220,49,"['B5722', -2, 310, 'E1813']"
269,48,9,"['S464', 2, 241, 327, 'E1761']"
326,4,"['B3024', -2, 331, 'E1761']"
330,3,9,"['S467', 1, 242, 331, 'E1812']"
342,1,"['B3565', -1, 332, 'E1812']"
343,2,8,"['S464', 2, 249, 333, 'E1769']"
353,6,"['B4152', -2, 339, 'E1769']"
359,1,9,"['S470', 5, 260, 338, 'E1829']"
369,12,"['B3623', -5, 350, 'E1829']"
381,4,12,"['S462', 1, 296, 384, 'E1757']"
397,2,"['B3024', -1, 386, 'E1757']"
399,4,8,"['S464', 1, 302, 390, 'E1785']"
411,2,"['B6138', -1, 392, 'E1785']"
413,2,8,"['S464', 1, 310, 396, 'E1763']"
423,4,"['B3024', -1, 400, 'E1763']"
427,4,8,"['S464', 1, 430, 472, 'E1780']"
439,48,"['B5722', -1, 520, 'E1780']"
487,49,8,"['S461', 2, 561, 602, 'E1748']"
544,49,"['B5722', -2, 651, 'E1748']"
593,46,9,"['A011', '0']"
49,0
new crir
new task..............,hasoto,1
226,"['A011', '0']"
226,4,"['S461', 1, 230, 318, 'E1751']"
230,2,"['B6138', -1, 320, 'E1751']"
232,2,8,"['S464', 2, 231, 273, 'E1772']"
242,48,"['B5722', -2, 321, 'E1772']"
290,48,9,"['S464', 1, 317, 403, 'E1764']"
347,4,"['B3024', -1, 407, 'E1764']"
351,4,8,"['S464', 2, 317, 405, 'E1795']"
363,2,"['B7330', -2, 407, 'E1795']"
365,2,9,"['S464', 1, 339, 381, 'E1779']"
376,48,"['B5722', -1, 429, 'E1779']"
424,48,8,"['S464', 5, 585, 627, 'E1782']"
480,48,"['B5722', -5, 675, 'E1782']"
528,48,12,"['S464', 1, 593, 635, 'E1783']"
588,48,"['B5722', -1, 683, 'E1783']"
636,46,8,"['A011', '0']"
50,0
new crir
new task..............,hasoto,1
230,"['A011', '0']"
230,3,"['S464', 1, 233, 321, 'E1784']"
233,2,"['B6138', -1, 323, 'E1784']"
235,2,8,"['S464', 2, 237, 323, 'E1760']"
245,4,"['B3024', -2, 327, 'E1760']"
249,3,9,"['S467', 2, 238, 279, 'E1814']"
261,49,"['B5722', -2, 328, 'E1814']"
310,48,9,"['S464', 1, 451, 493, 'E1781']"
367,48,"['B5722', -1, 541, 'E1781']"
415,49,8,"['S467', 2, 620, 661, 'E1816']"
472,49,"['B5722', -2, 710, 'E1816']"
521,46,9,"['A011', '0']"
51,0
new crir
new task..............,hasoto,1
234,"['A011', '0']"
234,4,"['S470', 13, 238, 281, 'E1830']"
238,47,"['B5722', -13, 328, 'E1830']"
285,48,16,"['S464', 2, 264, 352, 'E1768']"
349,2,"['B3565', -2, 354, 'E1768']"
351,1,9,"['S461', 2, 265, 352, 'E1738']"
361,3,"['B3024', -2, 355, 'E1738']"
364,3,9,"['S461', 1, 319, 360, 'E1745']"
376,49,"['B5722', -1, 409, 'E1745']"
425,46,8,"['A011', '0']"
52,0
new crir
new task..............,hasoto,1
251,"['A011', '0']"
251,3,"['S464', 4, 254, 296, 'E1773']"
254,48,"['B5722', -4, 344, 'E1773']"
302,48,11,"['S464', 2, 319, 361, 'E1776']"
361,48,"['B5722', -2, 409, 'E1776']"
409,46,9,"['A011', '0']"
53,0
new crir
new task..............,hasoto,1
275,"['A011', '0']"
275,4,"['S461', 2, 279, 320, 'E1744']"
279,49,"['B5722', -2, 369, 'E1744']"
328,49,9,"['S461', 1, 351, 392, 'E1746']"
386,49,"['B5722', -1, 441, 'E1746']"
435,46,8,"['A011', '0']"
54,0
new crir
new task..............,hasoto,1
280,"['A011', '0']"
280,3,"['S464', 4, 283, 325, 'E1774']"
283,48,"['B5722', -4, 373, 'E1774']"
331,46,11,"['A011', '0']"
55,0
new crir
new task..............,hasoto,1
283,"['A011', '0']"
283,3,"['S464', 2, 286, 328, 'E1775']"
286,48,"['B5722', -2, 376, 'E1775']"
334,46,9,"['A011', '0']"
56,0
new crir
new task..............,hasoto,1
320,"['A011', '0']"
320,3,"['S464', 2, 323, 374, 'E1792']"
323,39,"['B0655', -2, 413, 'E1792']"
362,37,9,"['A011', '0']"
57,0
new crir
new task..............,hasoto,1
320,"['A011', '0']"
320,3,"['S467', 1, 323, 364, 'E1815']"
323,49,"['B5722', -1, 413, 'E1815']"
372,46,8,"['A011', '0']"
58,0
new crir
new task..............,hasoto,0
0,"['A011', '0']"
0,2,"['B2116', '35']"
2,2,23,"['B4749', '34']"
27,3,22,"['B4152', '17']"
52,2,17,"['B8731', '28']"
71,3,21,"['A011', '0']"
new task..............,hasoto,0
95,"['A011', '0']"
95,4,"['B6219', '56']"
99,1,27,"['B0234', '35']"
127,1,23,"['B6297', '21']"
151,1,19,"['B2561', '23']"
171,5,19,"['A011', '0']"
new task..............,hasoto,1
195,"['A011', '0']"
195,7,"['B6144', '15']"
202,2,17,"['S461', '1', 210, 297, 'E1735']"
221,3,"['B3024', '-1', 300, 'E1735']"
224,0,8,"['B3024', '5']"
232,3,12,"['S461', '1', 210, 298, 'E1750']"
247,2,"['B6138', '-1', 300, 'E1750']"
249,0,8,"['B6138', '30']"
257,2,21,"['S464', '4', 211, 299, 'E1793']"
280,2,"['B7330', '-4', 301, 'E1793']"
282,2,11,"['S464', '3', 215, 303, 'E1800']"
295,2,"['B8799', '-3', 305, 'E1800']"
297,3,10,"['S461', '2', 230, 317, 'E1737']"
310,3,"['B3024', '-2', 320, 'E1737']"
313,4,9,"['S464', '2', 237, 326, 'E1788']"
326,1,"['B6187', '-2', 327, 'E1788']"
327,1,9,"['S464', '1', 253, 343, 'E1796']"
337,0,"['B7491', '-1', 343, 'E1796']"
337,0,8,"['S467', '2', 259, 346, 'E1808']"
345,3,"['B3024', '-2', 349, 'E1808']"
348,4,9,"['S464', '1', 275, 365, 'E1797']"
361,0,"['B7491', '-1', 365, 'E1797']"
361,0,8,"['S464', '3', 282, 370, 'E1794']"
369,2,"['B7330', '-3', 372, 'E1794']"
371,2,10,"['S464', '8', 296, 385, 'E1770']"
383,1,"['B4648', '-8', 386, 'E1770']"
384,3,13,"['S461', '1', 317, 406, 'E1754']"
400,1,"['B0091', '-1', 407, 'E1754']"
401,1,8,"['S461', '2', 329, 418, 'E1741']"
410,1,"['B3565', '-2', 419, 'E1741']"
411,1,9,"['S461', '1', 380, 469, 'E1756']"
421,1,"['B0091', '-1', 470, 'E1756']"
422,1,8,"['S461', '1', 344, 433, 'E1755']"
431,1,"['B0091', '-1', 434, 'E1755']"
432,2,8,"['S464', '2', 400, 486, 'E1787']"
442,4,"['B6144', '-2', 490, 'E1787']"
446,2,9,"['S461', '1', 387, 476, 'E1749']"
457,1,"['B5967', '-1', 477, 'E1749']"
458,1,8,"['S461', '1', 380, 467, 'E1740']"
467,3,"['B3024', '-1', 470, 'E1740']"
470,3,8,"['S461', '1', 446, 487, 'E1747']"
481,49,"['B5722', '-1', 536, 'E1747']"
530,49,8,"['S467', '2', 563, 650, 'E1810']"
587,3,"['B3024', '-2', 653, 'E1810']"
590,3,9,"['S467', '2', 518, 605, 'E1809']"
602,3,"['B3024', '-2', 608, 'E1809']"
605,4,9,"['S464', '3', 564, 652, 'E1802']"
618,2,"['B0091', '-3', 654, 'E1802']"
620,2,10,"['S467', '3', 557, 645, 'E1818']"
632,2,"['B6138', '-3', 647, 'E1818']"
634,1,10,"['B8799', '17']"
645,1,17,"['S467', '3', 578, 665, 'E1811']"
663,3,"['B3024', '-3', 668, 'E1811']"
666,4,10,"['S464', '1', 598, 688, 'E1798']"
680,0,"['B7491', '-1', 688, 'E1798']"
680,1,8,"['B6187', '60']"
689,1,28,"['S464', '1', 629, 718, 'E1791']"
718,1,"['B6187', '-1', 719, 'E1791']"
719,4,8,"['A011', '0']"
46,916
new crir
new task..............,hasoto,0
0,"['A011', '0']"
0,2,"['B4648', '68']"
2,1,30,"['B1129', '11']"
33,2,15,"['B9162', '7']"
50,2,13,"['B6245', '2']"
65,3,9,"['B3565', '19']"
77,2,18,"['B7491', '24']"
97,3,20,"['A011', '0']"
new task..............,hasoto,1
120,"['A011', '0']"
120,2,"['B7330', '34']"
122,2,22,"['B5528', '6']"
146,2,12,"['B0831', '35']"
160,1,23,"['B8823', '55']"
184,6,27,"['S461', '1', 216, 303, 'E1736']"
217,3,"['B3024', '-1', 306, 'E1736']"
220,9,8,"['S470', '5', 226, 310, 'E1832']"
237,6,"['B8799', '-5', 316, 'E1832']"
243,2,12,"['S464', '2', 215, 257, 'E1771']"
257,48,"['B5722', '-2', 305, 'E1771']"
305,48,9,"['S464', '3', 288, 376, 'E1801']"
362,2,"['B8799', '-3', 378, 'E1801']"
364,2,10,"['S464', '3', 295, 381, 'E1762']"
376,4,"['B3024', '-3', 385, 'E1762']"
380,3,10,"['S461', '2', 309, 396, 'E1739']"
393,3,"['B3024', '-2', 399, 'E1739']"
396,6,9,"['A011', '0']"
new task..............,hasoto,1
516,"['A011', '0']"
516,2,"['B2731', '33']"
518,4,22,"['S464', '1', 464, 553, 'E1790']"
544,1,"['B6187', '-1', 554, 'E1790']"
545,8,8,"['B6808', '37']"
561,3,23,"['B2844', '69']"
587,4,30,"['S464', '1', 586, 672, 'E1766']"
621,4,"['B3024', '-1', 676, 'E1766']"
625,4,8,"['S464', '3', 581, 667, 'E1765']"
637,4,"['B3024', '-3', 671, 'E1765']"
641,3,10,"['S461', '1', 582, 671, 'E1734']"
654,1,"['B1391', '-1', 672, 'E1734']"
655,1,8,"['S461', '1', 582, 671, 'E1743']"
664,1,"['B3565', '-1', 672, 'E1743']"
665,1,8,"['S461', '1', 612, 699, 'E1753']"
674,3,"['B8799', '-1', 702, 'E1753']"
677,1,8,"['S467', '2', 615, 704, 'E1819']"
686,1,"['B6187', '-2', 705, 'E1819']"
687,1,9,"['S464', '1', 618, 706, 'E1786']"
697,2,"['B6138', '-1', 708, 'E1786']"
699,5,8,"['A011', '0']"
47,1216
new crir
new task..............,hasoto,0
0,"['A011', '0']"
0,1,"['B4530', '19']"
1,3,18,"['B5967', '38']"
22,2,23,"['B0091', '15']"
47,5,17,"['A011', '0']"
48,69
new crir
new task..............,hasoto,1
217,"['A011', '0']"
217,3,"['S467', 2, 220, 261, 'E1813']"
220,49,"['B5722', -2, 310, 'E1813']"
269,48,9,"['S464', 2, 241, 327, 'E1761']"
326,4,"['B3024', -2, 331, 'E1761']"
330,3,9,"['S467', 1, 242, 331, 'E1812']"
342,1,"['B3565', -1, 332, 'E1812']"
343,2,8,"['S464', 2, 249, 333, 'E1769']"
353,6,"['B4152', -2, 339, 'E1769']"
359,1,9,"['S470', 5, 260, 338, 'E1829']"
369,12,"['B3623', -5, 350, 'E1829']"
381,4,12,"['S462', 1, 296, 384, 'E1757']"
397,2,"['B3024', -1, 386, 'E1757']"
399,4,8,"['S464', 1, 302, 390, 'E1785']"
411,2,"['B6138', -1, 392, 'E1785']"
413,2,8,"['S464', 1, 310, 396, 'E1763']"
423,4,"['B3024', -1, 400, 'E1763']"
427,4,8,"['S464', 1, 430, 472, 'E1780']"
439,48,"['B5722', -1, 520, 'E1780']"
487,49,8,"['S461', 2, 561, 602, 'E1748']"
544,49,"['B5722', -2, 651, 'E1748']"
593,46,9,"['A011', '0']"
49,0
new crir
new task..............,hasoto,1
226,"['A011', '0']"
226,4,"['S461', 1, 230, 318, 'E1751']"
230,2,"['B6138', -1, 320, 'E1751']"
232,2,8,"['S464', 2, 231, 273, 'E1772']"
242,48,"['B5722', -2, 321, 'E1772']"
290,48,9,"['S464', 1, 317, 403, 'E1764']"
347,4,"['B3024', -1, 407, 'E1764']"
351,4,8,"['S464', 2, 317, 405, 'E1795']"
363,2,"['B7330', -2, 407, 'E1795']"
365,2,9,"['S464', 1, 339, 381, 'E1779']"
376,48,"['B5722', -1, 429, 'E1779']"
424,48,8,"['S464', 5, 585, 627, 'E1782']"
480,48,"['B5722', -5, 675, 'E1782']"
528,48,12,"['S464', 1, 593, 635, 'E1783']"
588,48,"['B5722', -1, 683, 'E1783']"
636,46,8,"['A011', '0']"
50,0
new crir
new task..............,hasoto,1
230,"['A011', '0']"
230,3,"['S464', 1, 233, 321, 'E1784']"
233,2,"['B6138', -1, 323, 'E1784']"
235,2,8,"['S464', 2, 237, 323, 'E1760']"
245,4,"['B3024', -2, 327, 'E1760']"
249,3,9,"['S467', 2, 238, 279, 'E1814']"
261,49,"['B5722', -2, 328, 'E1814']"
310,48,9,"['S464', 1, 451, 493, 'E1781']"
367,48,"['B5722', -1, 541, 'E1781']"
415,49,8,"['S467', 2, 620, 661, 'E1816']"
472,49,"['B5722', -2, 710, 'E1816']"
521,46,9,"['A011', '0']"
51,0
new crir
new task..............,hasoto,1
234,"['A011', '0']"
234,4,"['S470', 13, 238, 281, 'E1830']"
238,47,"['B5722', -13, 328, 'E1830']"
285,48,16,"['S464', 2, 264, 352, 'E1768']"
349,2,"['B3565', -2, 354, 'E1768']"
351,1,9,"['S461', 2, 265, 352, 'E1738']"
361,3,"['B3024', -2, 355, 'E1738']"
364,3,9,"['S461', 1, 319, 360, 'E1745']"
376,49,"['B5722', -1, 409, 'E1745']"
425,46,8,"['A011', '0']"
52,0
new crir
new task..............,hasoto,1
251,"['A011', '0']"
251,3,"['S464', 4, 254, 296, 'E1773']"
254,48,"['B5722', -4, 344, 'E1773']"
302,48,11,"['S464', 2, 319, 361, 'E1776']"
361,48,"['B5722', -2, 409, 'E1776']"
409,46,9,"['A011', '0']"
53,0
new crir
new task..............,hasoto,1
275,"['A011', '0']"
275,4,"['S461', 2, 279, 320, 'E1744']"
279,49,"['B5722', -2, 369, 'E1744']"
328,49,9,"['S461', 1, 351, 392, 'E1746']"
386,49,"['B5722', -1, 441, 'E1746']"
435,46,8,"['A011', '0']"
54,0
new crir
new task..............,hasoto,1
280,"['A011', '0']"
280,3,"['S464', 4, 283, 325, 'E1774']"
283,48,"['B5722', -4, 373, 'E1774']"
331,46,11,"['A011', '0']"
55,0
new crir
new task..............,hasoto,1
283,"['A011', '0']"
283,3,"['S464', 2, 286, 328, 'E1775']"
286,48,"['B5722', -2, 376, 'E1775']"
334,46,9,"['A011', '0']"
56,0
new crir
new task..............,hasoto,1
320,"['A011', '0']"
320,3,"['S464', 2, 323, 374, 'E1792']"
323,39,"['B0655', -2, 413, 'E1792']"
362,37,9,"['A011', '0']"
57,0
new crir
new task..............,hasoto,1
320,"['A011', '0']"
320,3,"['S467', 1, 323, 364, 'E1815']"
323,49,"['B5722', -1, 413, 'E1815']"
372,46,8,"['A011', '0']"
58,0
