new crir
new task..............,hasoto,0
0,"['A013', '0']"
0,3,"['B4864', '41']"
3,1,24,"['B8891', '26']"
28,1,20,"['B0938', '21']"
49,1,19,"['B2932', '24']"
69,4,20,"['A013', '0']"
new task..............,hasoto,0
93,"['A013', '0']"
93,2,"['B7430', '35']"
95,2,23,"['B3030', '44']"
120,1,25,"['B3207', '45']"
146,2,25,"['A013', '0']"
new task..............,hasoto,0
173,"['A013', '0']"
173,6,"['B4181', '45']"
179,2,25,"['B2734', '42']"
206,2,24,"['B4816', '34']"
232,3,22,"['A013', '0']"
new task..............,hasoto,0
257,"['A013', '0']"
257,2,"['B5546', '37']"
259,2,23,"['A013', '0']"
new task..............,hasoto,0
284,"['A013', '0']"
284,6,"['B7277', '24']"
290,1,20,"['B0795', '33']"
311,2,22,"['B5017', '47']"
335,5,26,"['A013', '0']"
new task..............,hasoto,0
366,"['A013', '0']"
366,3,"['B1252', '29']"
369,3,21,"['B4872', '18']"
393,2,18,"['B6281', '66']"
413,4,29,"['A013', '0']"
new task..............,hasoto,0
446,"['A013', '0']"
446,1,"['B8737', '58']"
447,2,28,"['B0192', '31']"
477,1,22,"['B5154', '35']"
500,1,23,"['A013', '0']"
new task..............,hasoto,0
524,"['A013', '0']"
524,2,"['B1086', '38']"
526,1,23,"['B7604', '35']"
550,1,23,"['B8551', '42']"
574,1,24,"['A013', '0']"
new task..............,hasoto,0
599,"['A013', '0']"
599,2,"['B0913', '32']"
601,1,22,"['B6432', '62']"
624,3,29,"['A013', '0']"
61,656
new crir
new task..............,hasoto,0
0,"['A014', '0']"
0,1,"['B5340', '31']"
1,2,22,"['B4729', '33']"
25,2,22,"['B0483', '42']"
49,4,24,"['B1235', '22']"
77,1,19,"['A014', '0']"
new task..............,hasoto,0
97,"['A014', '0']"
97,6,"['B2520', '20']"
103,1,18,"['B6652', '65']"
122,1,29,"['B5830', '33']"
152,2,22,"['B5734', '13']"
176,7,16,"['A014', '0']"
new task..............,hasoto,1
199,"['A014', '0']"
199,4,"['B9025', '26']"
203,1,20,"['B5038', '33']"
224,2,22,"['B4558', '30']"
248,6,21,"['S263', '2', 218, 307, 'E0969']"
275,1,"['B6446', '-2', 308, 'E0969']"
276,2,9,"['B2804', '21']"
287,3,19,"['S274', '2', 228, 314, 'E1001']"
309,4,"['B0483', '-2', 318, 'E1001']"
313,4,9,"['S274', '3', 251, 340, 'E1008']"
326,1,"['B7281', '-3', 341, 'E1008']"
327,0,10,"['B7281', '6']"
337,1,12,"['S274', '1', 266, 351, 'E1005']"
350,5,"['B5734', '-1', 356, 'E1005']"
355,2,8,"['S277', '2', 291, 379, 'E1018']"
365,2,"['B5830', '-2', 381, 'E1018']"
367,9,9,"['S263', '3', 308, 390, 'E0967']"
385,8,"['B5507', '-3', 398, 'E0967']"
393,8,10,"['S263', '2', 324, 413, 'E0965']"
411,1,"['B2804', '-2', 414, 'E0965']"
412,3,9,"['S275', '2', 343, 429, 'E1012']"
424,4,"['B0483', '-2', 433, 'E1012']"
428,4,9,"['S274', '1', 356, 441, 'E1006']"
441,5,"['B5734', '-1', 446, 'E1006']"
446,5,8,"['S275', '1', 431, 521, 'E1013']"
459,0,"['B7281', '-1', 521, 'E1013']"
459,7,8,"['A014', '0']"
62,660
new crir
new task..............,hasoto,0
0,"['A014', '0']"
0,9,"['B6739', '5']"
9,8,12,"['B5507', '55']"
29,3,27,"['B2583', '25']"
59,3,20,"['B0739', '44']"
82,6,25,"['A014', '0']"
63,113
new crir
new task..............,hasoto,1
299,"['A014', '0']"
299,7,"['S274', 2, 306, 359, 'E1010']"
306,37,"['B8344', -2, 396, 'E1010']"
343,34,9,"['S263', 2, 313, 390, 'E0968']"
386,13,"['B5946', -2, 403, 'E0968']"
399,11,9,"['S274', 1, 320, 404, 'E1003']"
419,6,"['B4968', -1, 410, 'E1003']"
425,11,8,"['S278', 2, 362, 444, 'E1019']"
444,8,"['B4086', -2, 452, 'E1019']"
452,13,9,"['S275', 1, 490, 580, 'E1014']"
474,0,"['B7281', -1, 580, 'E1014']"
474,4,8,"['S263', 1, 526, 610, 'E0970']"
486,6,"['B0739', -1, 616, 'E0970']"
492,4,8,"['S274', 3, 545, 634, 'E1009']"
504,1,"['B7281', -3, 635, 'E1009']"
505,6,10,"['S277', 1, 547, 635, 'E1017']"
521,2,"['B5716', -1, 637, 'E1017']"
523,8,8,"['S274', 1, 554, 638, 'E1004']"
539,6,"['B4968', -1, 644, 'E1004']"
545,6,8,"['S274', 3, 555, 641, 'E1002']"
559,4,"['B0483', -3, 645, 'E1002']"
563,4,10,"['S274', 2, 563, 646, 'E1007']"
577,7,"['B6755', -2, 653, 'E1007']"
584,13,9,"['S277', 1, 577, 664, 'E1016']"
606,3,"['B0519', -1, 667, 'E1016']"
609,11,8,"['S263', 1, 593, 677, 'E0966']"
628,6,"['B4512', -1, 683, 'E0966']"
634,10,8,"['S274', 1, 611, 690, 'E1000']"
652,11,"['B4098', -1, 701, 'E1000']"
663,11,8,"['S275', 1, 617, 704, 'E1011']"
682,3,"['B2804', -1, 707, 'E1011']"
685,10,8,"['A014', '0']"
64,0
new crir
new task..............,hasoto,0
0,"['A013', '0']"
0,3,"['B4864', '41']"
3,1,24,"['B8891', '26']"
28,1,20,"['B0938', '21']"
49,1,19,"['B2932', '24']"
69,4,20,"['A013', '0']"
new task..............,hasoto,0
93,"['A013', '0']"
93,2,"['B7430', '35']"
95,2,23,"['B3030', '44']"
120,1,25,"['B3207', '45']"
146,2,25,"['A013', '0']"
new task..............,hasoto,0
173,"['A013', '0']"
173,6,"['B4181', '45']"
179,2,25,"['B2734', '42']"
206,2,24,"['B4816', '34']"
232,3,22,"['A013', '0']"
new task..............,hasoto,0
257,"['A013', '0']"
257,2,"['B5546', '37']"
259,2,23,"['A013', '0']"
new task..............,hasoto,0
284,"['A013', '0']"
284,6,"['B7277', '24']"
290,1,20,"['B0795', '33']"
311,2,22,"['B5017', '47']"
335,5,26,"['A013', '0']"
new task..............,hasoto,0
366,"['A013', '0']"
366,3,"['B1252', '29']"
369,3,21,"['B4872', '18']"
393,2,18,"['B6281', '66']"
413,4,29,"['A013', '0']"
new task..............,hasoto,0
446,"['A013', '0']"
446,1,"['B8737', '58']"
447,2,28,"['B0192', '31']"
477,1,22,"['B5154', '35']"
500,1,23,"['A013', '0']"
new task..............,hasoto,0
524,"['A013', '0']"
524,2,"['B1086', '38']"
526,1,23,"['B7604', '35']"
550,1,23,"['B8551', '42']"
574,1,24,"['A013', '0']"
new task..............,hasoto,0
599,"['A013', '0']"
599,2,"['B0913', '32']"
601,1,22,"['B6432', '62']"
624,3,29,"['A013', '0']"
61,656
new crir
new task..............,hasoto,0
0,"['A014', '0']"
0,1,"['B5340', '31']"
1,2,22,"['B4729', '33']"
25,2,22,"['B0483', '42']"
49,4,24,"['B1235', '22']"
77,1,19,"['A014', '0']"
new task..............,hasoto,0
97,"['A014', '0']"
97,6,"['B2520', '20']"
103,1,18,"['B6652', '65']"
122,1,29,"['B5830', '33']"
152,2,22,"['B5734', '13']"
176,7,16,"['A014', '0']"
new task..............,hasoto,1
199,"['A014', '0']"
199,4,"['B9025', '26']"
203,1,20,"['B5038', '33']"
224,2,22,"['B4558', '30']"
248,6,21,"['S263', '2', 218, 307, 'E0969']"
275,1,"['B6446', '-2', 308, 'E0969']"
276,2,9,"['B2804', '21']"
287,3,19,"['S274', '2', 228, 314, 'E1001']"
309,4,"['B0483', '-2', 318, 'E1001']"
313,4,9,"['S274', '3', 251, 340, 'E1008']"
326,1,"['B7281', '-3', 341, 'E1008']"
327,0,10,"['B7281', '6']"
337,1,12,"['S274', '1', 266, 351, 'E1005']"
350,5,"['B5734', '-1', 356, 'E1005']"
355,2,8,"['S277', '2', 291, 379, 'E1018']"
365,2,"['B5830', '-2', 381, 'E1018']"
367,9,9,"['S263', '3', 308, 390, 'E0967']"
385,8,"['B5507', '-3', 398, 'E0967']"
393,8,10,"['S263', '2', 324, 413, 'E0965']"
411,1,"['B2804', '-2', 414, 'E0965']"
412,3,9,"['S275', '2', 343, 429, 'E1012']"
424,4,"['B0483', '-2', 433, 'E1012']"
428,4,9,"['S274', '1', 356, 441, 'E1006']"
441,5,"['B5734', '-1', 446, 'E1006']"
446,5,8,"['S275', '1', 431, 521, 'E1013']"
459,0,"['B7281', '-1', 521, 'E1013']"
459,7,8,"['A014', '0']"
62,660
new crir
new task..............,hasoto,0
0,"['A014', '0']"
0,9,"['B6739', '5']"
9,8,12,"['B5507', '55']"
29,3,27,"['B2583', '25']"
59,3,20,"['B0739', '44']"
82,6,25,"['A014', '0']"
63,113
new crir
new task..............,hasoto,1
299,"['A014', '0']"
299,7,"['S274', 2, 306, 359, 'E1010']"
306,37,"['B8344', -2, 396, 'E1010']"
343,34,9,"['S263', 2, 313, 390, 'E0968']"
386,13,"['B5946', -2, 403, 'E0968']"
399,11,9,"['S274', 1, 320, 404, 'E1003']"
419,6,"['B4968', -1, 410, 'E1003']"
425,11,8,"['S278', 2, 362, 444, 'E1019']"
444,8,"['B4086', -2, 452, 'E1019']"
452,13,9,"['S275', 1, 490, 580, 'E1014']"
474,0,"['B7281', -1, 580, 'E1014']"
474,4,8,"['S263', 1, 526, 610, 'E0970']"
486,6,"['B0739', -1, 616, 'E0970']"
492,4,8,"['S274', 3, 545, 634, 'E1009']"
504,1,"['B7281', -3, 635, 'E1009']"
505,6,10,"['S277', 1, 547, 635, 'E1017']"
521,2,"['B5716', -1, 637, 'E1017']"
523,8,8,"['S274', 1, 554, 638, 'E1004']"
539,6,"['B4968', -1, 644, 'E1004']"
545,6,8,"['S274', 3, 555, 641, 'E1002']"
559,4,"['B0483', -3, 645, 'E1002']"
563,4,10,"['S274', 2, 563, 646, 'E1007']"
577,7,"['B6755', -2, 653, 'E1007']"
584,13,9,"['S277', 1, 577, 664, 'E1016']"
606,3,"['B0519', -1, 667, 'E1016']"
609,11,8,"['S263', 1, 593, 677, 'E0966']"
628,6,"['B4512', -1, 683, 'E0966']"
634,10,8,"['S274', 1, 611, 690, 'E1000']"
652,11,"['B4098', -1, 701, 'E1000']"
663,11,8,"['S275', 1, 617, 704, 'E1011']"
682,3,"['B2804', -1, 707, 'E1011']"
685,10,8,"['A014', '0']"
64,0
