new crir
new task..............,hasoto,0
0,"['A024', '0']"
0,8,"['B1894', '50']"
8,1,26,"['B4462', '18']"
35,1,18,"['B1266', '35']"
54,2,23,"['B3061', '9']"
79,1,14,"['B1764', '18']"
94,7,18,"['A024', '0']"
new task..............,hasoto,0
119,"['A024', '0']"
119,7,"['B1631', '55']"
126,3,27,"['B0519', '43']"
156,6,25,"['A024', '0']"
new task..............,hasoto,1
187,"['A024', '0']"
187,7,"['B2483', '38']"
194,1,23,"['B7559', '21']"
218,1,19,"['B8004', '34']"
238,1,22,"['B0381', '37']"
261,0,23,"['S232', '1', 213, 296, 'E0862']"
284,7,"['B0483', '-1', 303, 'E0862']"
291,11,8,"['S192', '1', 223, 310, 'E0555']"
310,3,"['B6624', '-1', 313, 'E0555']"
313,2,8,"['S202', '5', 236, 324, 'E0603']"
323,2,"['B7686', '-5', 326, 'E0603']"
325,2,12,"['S192', '2', 253, 342, 'E0544']"
339,1,"['B0305', '-2', 343, 'E0544']"
340,1,9,"['S192', '1', 268, 357, 'E0546']"
350,1,"['B0305', '-1', 358, 'E0546']"
351,2,8,"['S201', '1', 280, 367, 'E0591']"
361,3,"['B0381', '-1', 370, 'E0591']"
364,3,8,"['S203', '7', 294, 382, 'E0604']"
375,2,"['B0305', '-7', 384, 'E0604']"
377,5,13,"['S193', '2', 355, 440, 'E0559']"
395,5,"['B4745', '-2', 445, 'E0559']"
400,1,9,"['S192', '2', 353, 442, 'E0548']"
410,1,"['B0305', '-2', 443, 'E0548']"
411,1,9,"['S192', '2', 334, 423, 'E0547']"
421,1,"['B0305', '-2', 424, 'E0547']"
422,4,9,"['S157', '11', 353, 441, 'E0428']"
435,2,"['B8690', '-11', 443, 'E0428']"
437,5,15,"['S203', '10', 381, 469, 'E0605']"
457,2,"['B8606', '-10', 471, 'E0605']"
459,2,14,"['S192', '4', 390, 479, 'E0549']"
475,1,"['B0305', '-4', 480, 'E0549']"
476,4,11,"['S157', '14', 411, 498, 'E0425']"
491,3,"['B5735', '-14', 501, 'E0425']"
494,11,16,"['A024', '0']"
86,681
new crir
new task..............,hasoto,0
0,"['A024', '0']"
0,7,"['B7686', '39']"
7,1,24,"['B8606', '23']"
32,2,19,"['B8987', '26']"
53,1,20,"['B7825', '9']"
74,2,14,"['B8690', '20']"
90,4,18,"['B0305', '19']"
112,7,18,"['A024', '0']"
new task..............,hasoto,0
137,"['A024', '0']"
137,7,"['B6860', '43']"
144,1,25,"['B5173', '60']"
170,6,28,"['A024', '0']"
new task..............,hasoto,1
204,"['A024', '0']"
204,8,"['B4399', '20']"
212,3,18,"['S201', '1', 219, 305, 'E0595']"
233,4,"['B7825', '-1', 309, 'E0595']"
237,3,8,"['S192', '4', 225, 314, 'E0543']"
248,1,"['B0305', '-4', 315, 'E0543']"
249,2,11,"['S201', '1', 219, 307, 'E0589']"
262,2,"['B0305', '-1', 309, 'E0589']"
264,4,8,"['S180', '1', 218, 306, 'E0482']"
276,2,"['B1842', '-1', 308, 'E0482']"
278,2,8,"['S201', '1', 215, 305, 'E0593']"
288,0,"['B4745', '-1', 305, 'E0593']"
288,0,8,"['S202', '5', 217, 301, 'E0600']"
296,6,"['B5173', '-5', 307, 'E0600']"
302,6,12,"['S201', '1', 241, 329, 'E0596']"
320,2,"['B8606', '-1', 331, 'E0596']"
322,2,8,"['S201', '2', 245, 333, 'E0590']"
332,2,"['B0305', '-2', 335, 'E0590']"
334,1,9,"['S192', '2', 256, 345, 'E0554']"
344,1,"['B4745', '-2', 346, 'E0554']"
345,5,9,"['S176', '5', 276, 361, 'E0477']"
359,5,"['B4697', '-5', 366, 'E0477']"
364,8,12,"['S202', '8', 299, 386, 'E0599']"
384,3,"['B2483', '-8', 389, 'E0599']"
387,9,13,"['S264', '3', 355, 439, 'E0971']"
409,6,"['B1846', '-3', 445, 'E0971']"
415,5,10,"['S173', '2', 422, 507, 'E0469']"
430,5,"['B1266', '-2', 512, 'E0469']"
435,2,9,"['S157', '10', 361, 447, 'E0429']"
446,4,"['B8987', '-10', 451, 'E0429']"
450,3,14,"['S201', '4', 418, 504, 'E0587']"
467,4,"['B2449', '-4', 508, 'E0587']"
471,6,11,"['B1023', '26']"
488,1,20,"['B5876', '31']"
509,3,22,"['B4968', '19']"
534,2,18,"['B6446', '29']"
554,12,21,"['S157', '15', 546, 629, 'E0427']"
587,7,"['B0084', '-15', 636, 'E0427']"
594,7,17,"['S157', '10', 546, 621, 'E0426']"
618,15,"['B5946', '-10', 636, 'E0426']"
633,5,14,"['S213', '1', 572, 657, 'E0643']"
652,5,"['B0381', '-1', 662, 'E0643']"
657,3,8,"['S201', '1', 585, 672, 'E0598']"
668,3,"['B8987', '-1', 675, 'E0598']"
671,2,8,"['S192', '4', 600, 689, 'E0551']"
681,1,"['B0305', '-4', 690, 'E0551']"
682,2,11,"['S201', '1', 610, 698, 'E0586']"
695,2,"['B1842', '-1', 700, 'E0586']"
697,3,8,"['S192', '2', 622, 711, 'E0552']"
708,1,"['B0305', '-2', 712, 'E0552']"
709,7,9,"['A024', '0']"
87,912
new crir
new task..............,hasoto,0
0,"['A024', '0']"
0,1,"['B7045', '16']"
1,2,17,"['B6841', '11']"
20,3,15,"['B9055', '8']"
38,2,13,"['B0084', '37']"
53,4,23,"['A024', '0']"
new task..............,hasoto,0
80,"['A024', '0']"
80,9,"['B2139', '37']"
89,1,23,"['B6309', '27']"
113,1,21,"['B5346', '40']"
135,1,24,"['B4937', '29']"
160,9,21,"['A024', '0']"
new task..............,hasoto,1
190,"['A024', '0']"
190,6,"['B1680', '43']"
196,1,25,"['B1272', '80']"
222,12,32,"['S201', '1', 246, 336, 'E0594']"
266,0,"['B4745', '-1', 336, 'E0594']"
266,5,8,"['S157', '13', 243, 331, 'E0423']"
279,2,"['B1266', '-13', 333, 'E0423']"
281,6,16,"['S192', '1', 232, 319, 'E0556']"
303,3,"['B6624', '-1', 322, 'E0556']"
306,2,8,"['S201', '1', 261, 349, 'E0585']"
316,2,"['B1842', '-1', 351, 'E0585']"
318,3,8,"['S176', '3', 243, 329, 'E0476']"
329,4,"['B1846', '-3', 333, 'E0476']"
333,3,10,"['S193', '1', 288, 373, 'E0558']"
346,5,"['B0381', '-1', 378, 'E0558']"
351,0,8,"['S232', '1', 281, 364, 'E0863']"
359,7,"['B6841', '-1', 371, 'E0863']"
366,3,8,"['A024', '0']"
new task..............,hasoto,1
555,"['A024', '0']"
555,7,"['B5946', '22']"
562,2,19,"['B9003', '21']"
583,1,19,"['B5931', '26']"
603,3,20,"['S213', '1', 557, 642, 'E0644']"
626,5,"['B7916', '-1', 647, 'E0644']"
631,6,8,"['S192', '1', 579, 668, 'E0550']"
645,1,"['B0305', '-1', 669, 'E0550']"
646,8,8,"['S213', '1', 577, 662, 'E0645']"
662,5,"['B7916', '-1', 667, 'E0645']"
667,3,8,"['B1020', '43']"
678,3,25,"['A024', '0']"
88,1243
new crir
new task..............,hasoto,0
0,"['A024', '0']"
0,3,"['B1842', '33']"
3,3,22,"['B6624', '27']"
28,1,21,"['B4745', '10']"
50,4,14,"['B8931', '15']"
68,1,17,"['B2308', '33']"
86,3,22,"['B8379', '18']"
111,7,18,"['A024', '0']"
new task..............,hasoto,0
136,"['A024', '0']"
136,3,"['B2726', '47']"
139,3,26,"['A024', '0']"
new task..............,hasoto,1
168,"['A024', '0']"
168,5,"['B6175', '41']"
173,1,24,"['B0346', '16']"
198,1,17,"['B7542', '24']"
216,2,20,"['B4697', '38']"
238,8,23,"['S201', '1', 244, 326, 'E0592']"
269,8,"['B4512', '-1', 334, 'E0592']"
277,9,8,"['S160', '4', 248, 335, 'E0435']"
294,3,"['B0305', '-4', 338, 'E0435']"
297,4,11,"['S172', '2', 254, 336, 'E0468']"
312,8,"['B5103', '-2', 344, 'E0468']"
320,12,9,"['A024', '0']"
new task..............,hasoto,0
483,"['A024', '0']"
483,6,"['B8439', '53']"
489,1,27,"['B8059', '36']"
517,1,23,"['B1110', '41']"
541,8,24,"['A024', '0']"
new task..............,hasoto,1
573,"['A024', '0']"
573,5,"['B8531', '69']"
578,1,30,"['B3652', '60']"
609,4,28,"['S213', '3', 598, 685, 'E0642']"
641,3,"['B1691', '-3', 688, 'E0642']"
644,9,10,"['S157', '12', 597, 680, 'E0424']"
663,7,"['B3202', '-12', 687, 'E0424']"
670,10,15,"['A024', '0']"
89,1256
new crir
new task..............,hasoto,0
0,"['A024', '0']"
0,5,"['B7916', '12']"
5,1,15,"['B2449', '44']"
21,2,25,"['B3172', '33']"
48,3,22,"['B6606', '30']"
73,4,21,"['A024', '0']"
new task..............,hasoto,0
98,"['A024', '0']"
98,7,"['B4086', '56']"
105,2,27,"['B4896', '65']"
134,9,29,"['A024', '0']"
new task..............,hasoto,0
172,"['A024', '0']"
172,4,"['B1691', '33']"
176,4,22,"['B1846', '75']"
202,1,31,"['A024', '0']"
90,234
new crir
new task..............,hasoto,1
596,"['A024', '0']"
596,5,"['S202', 2, 601, 684, 'E0602']"
601,7,"['B6860', -2, 691, 'E0602']"
608,7,9,"['A024', '0']"
91,0
new crir
new task..............,hasoto,0
0,"['A024', '0']"
0,8,"['B1894', '50']"
8,1,26,"['B4462', '18']"
35,1,18,"['B1266', '35']"
54,2,23,"['B3061', '9']"
79,1,14,"['B1764', '18']"
94,7,18,"['A024', '0']"
new task..............,hasoto,0
119,"['A024', '0']"
119,7,"['B1631', '55']"
126,3,27,"['B0519', '43']"
156,6,25,"['A024', '0']"
new task..............,hasoto,1
187,"['A024', '0']"
187,7,"['B2483', '38']"
194,1,23,"['B7559', '21']"
218,1,19,"['B8004', '34']"
238,1,22,"['B0381', '37']"
261,0,23,"['S232', '1', 213, 296, 'E0862']"
284,7,"['B0483', '-1', 303, 'E0862']"
291,11,8,"['S192', '1', 223, 310, 'E0555']"
310,3,"['B6624', '-1', 313, 'E0555']"
313,2,8,"['S202', '5', 236, 324, 'E0603']"
323,2,"['B7686', '-5', 326, 'E0603']"
325,2,12,"['S192', '2', 253, 342, 'E0544']"
339,1,"['B0305', '-2', 343, 'E0544']"
340,1,9,"['S192', '1', 268, 357, 'E0546']"
350,1,"['B0305', '-1', 358, 'E0546']"
351,2,8,"['S201', '1', 280, 367, 'E0591']"
361,3,"['B0381', '-1', 370, 'E0591']"
364,3,8,"['S203', '7', 294, 382, 'E0604']"
375,2,"['B0305', '-7', 384, 'E0604']"
377,5,13,"['S193', '2', 355, 440, 'E0559']"
395,5,"['B4745', '-2', 445, 'E0559']"
400,1,9,"['S192', '2', 353, 442, 'E0548']"
410,1,"['B0305', '-2', 443, 'E0548']"
411,1,9,"['S192', '2', 334, 423, 'E0547']"
421,1,"['B0305', '-2', 424, 'E0547']"
422,4,9,"['S157', '11', 353, 441, 'E0428']"
435,2,"['B8690', '-11', 443, 'E0428']"
437,5,15,"['S203', '10', 381, 469, 'E0605']"
457,2,"['B8606', '-10', 471, 'E0605']"
459,2,14,"['S192', '4', 390, 479, 'E0549']"
475,1,"['B0305', '-4', 480, 'E0549']"
476,4,11,"['S157', '14', 411, 498, 'E0425']"
491,3,"['B5735', '-14', 501, 'E0425']"
494,11,16,"['A024', '0']"
86,681
new crir
new task..............,hasoto,0
0,"['A024', '0']"
0,7,"['B7686', '39']"
7,1,24,"['B8606', '23']"
32,2,19,"['B8987', '26']"
53,1,20,"['B7825', '9']"
74,2,14,"['B8690', '20']"
90,4,18,"['B0305', '19']"
112,7,18,"['A024', '0']"
new task..............,hasoto,0
137,"['A024', '0']"
137,7,"['B6860', '43']"
144,1,25,"['B5173', '60']"
170,6,28,"['A024', '0']"
new task..............,hasoto,1
204,"['A024', '0']"
204,8,"['B4399', '20']"
212,3,18,"['S201', '1', 219, 305, 'E0595']"
233,4,"['B7825', '-1', 309, 'E0595']"
237,3,8,"['S192', '4', 225, 314, 'E0543']"
248,1,"['B0305', '-4', 315, 'E0543']"
249,2,11,"['S201', '1', 219, 307, 'E0589']"
262,2,"['B0305', '-1', 309, 'E0589']"
264,4,8,"['S180', '1', 218, 306, 'E0482']"
276,2,"['B1842', '-1', 308, 'E0482']"
278,2,8,"['S201', '1', 215, 305, 'E0593']"
288,0,"['B4745', '-1', 305, 'E0593']"
288,0,8,"['S202', '5', 217, 301, 'E0600']"
296,6,"['B5173', '-5', 307, 'E0600']"
302,6,12,"['S201', '1', 241, 329, 'E0596']"
320,2,"['B8606', '-1', 331, 'E0596']"
322,2,8,"['S201', '2', 245, 333, 'E0590']"
332,2,"['B0305', '-2', 335, 'E0590']"
334,1,9,"['S192', '2', 256, 345, 'E0554']"
344,1,"['B4745', '-2', 346, 'E0554']"
345,5,9,"['S176', '5', 276, 361, 'E0477']"
359,5,"['B4697', '-5', 366, 'E0477']"
364,8,12,"['S202', '8', 299, 386, 'E0599']"
384,3,"['B2483', '-8', 389, 'E0599']"
387,9,13,"['S264', '3', 355, 439, 'E0971']"
409,6,"['B1846', '-3', 445, 'E0971']"
415,5,10,"['S173', '2', 422, 507, 'E0469']"
430,5,"['B1266', '-2', 512, 'E0469']"
435,2,9,"['S157', '10', 361, 447, 'E0429']"
446,4,"['B8987', '-10', 451, 'E0429']"
450,3,14,"['S201', '4', 418, 504, 'E0587']"
467,4,"['B2449', '-4', 508, 'E0587']"
471,6,11,"['B1023', '26']"
488,1,20,"['B5876', '31']"
509,3,22,"['B4968', '19']"
534,2,18,"['B6446', '29']"
554,12,21,"['S157', '15', 546, 629, 'E0427']"
587,7,"['B0084', '-15', 636, 'E0427']"
594,7,17,"['S157', '10', 546, 621, 'E0426']"
618,15,"['B5946', '-10', 636, 'E0426']"
633,5,14,"['S213', '1', 572, 657, 'E0643']"
652,5,"['B0381', '-1', 662, 'E0643']"
657,3,8,"['S201', '1', 585, 672, 'E0598']"
668,3,"['B8987', '-1', 675, 'E0598']"
671,2,8,"['S192', '4', 600, 689, 'E0551']"
681,1,"['B0305', '-4', 690, 'E0551']"
682,2,11,"['S201', '1', 610, 698, 'E0586']"
695,2,"['B1842', '-1', 700, 'E0586']"
697,3,8,"['S192', '2', 622, 711, 'E0552']"
708,1,"['B0305', '-2', 712, 'E0552']"
709,7,9,"['A024', '0']"
87,912
new crir
new task..............,hasoto,0
0,"['A024', '0']"
0,1,"['B7045', '16']"
1,2,17,"['B6841', '11']"
20,3,15,"['B9055', '8']"
38,2,13,"['B0084', '37']"
53,4,23,"['A024', '0']"
new task..............,hasoto,0
80,"['A024', '0']"
80,9,"['B2139', '37']"
89,1,23,"['B6309', '27']"
113,1,21,"['B5346', '40']"
135,1,24,"['B4937', '29']"
160,9,21,"['A024', '0']"
new task..............,hasoto,1
190,"['A024', '0']"
190,6,"['B1680', '43']"
196,1,25,"['B1272', '80']"
222,12,32,"['S201', '1', 246, 336, 'E0594']"
266,0,"['B4745', '-1', 336, 'E0594']"
266,5,8,"['S157', '13', 243, 331, 'E0423']"
279,2,"['B1266', '-13', 333, 'E0423']"
281,6,16,"['S192', '1', 232, 319, 'E0556']"
303,3,"['B6624', '-1', 322, 'E0556']"
306,2,8,"['S201', '1', 261, 349, 'E0585']"
316,2,"['B1842', '-1', 351, 'E0585']"
318,3,8,"['S176', '3', 243, 329, 'E0476']"
329,4,"['B1846', '-3', 333, 'E0476']"
333,3,10,"['S193', '1', 288, 373, 'E0558']"
346,5,"['B0381', '-1', 378, 'E0558']"
351,0,8,"['S232', '1', 281, 364, 'E0863']"
359,7,"['B6841', '-1', 371, 'E0863']"
366,3,8,"['A024', '0']"
new task..............,hasoto,1
555,"['A024', '0']"
555,7,"['B5946', '22']"
562,2,19,"['B9003', '21']"
583,1,19,"['B5931', '26']"
603,3,20,"['S213', '1', 557, 642, 'E0644']"
626,5,"['B7916', '-1', 647, 'E0644']"
631,6,8,"['S192', '1', 579, 668, 'E0550']"
645,1,"['B0305', '-1', 669, 'E0550']"
646,8,8,"['S213', '1', 577, 662, 'E0645']"
662,5,"['B7916', '-1', 667, 'E0645']"
667,3,8,"['B1020', '43']"
678,3,25,"['A024', '0']"
88,1243
new crir
new task..............,hasoto,0
0,"['A024', '0']"
0,3,"['B1842', '33']"
3,3,22,"['B6624', '27']"
28,1,21,"['B4745', '10']"
50,4,14,"['B8931', '15']"
68,1,17,"['B2308', '33']"
86,3,22,"['B8379', '18']"
111,7,18,"['A024', '0']"
new task..............,hasoto,0
136,"['A024', '0']"
136,3,"['B2726', '47']"
139,3,26,"['A024', '0']"
new task..............,hasoto,1
168,"['A024', '0']"
168,5,"['B6175', '41']"
173,1,24,"['B0346', '16']"
198,1,17,"['B7542', '24']"
216,2,20,"['B4697', '38']"
238,8,23,"['S201', '1', 244, 326, 'E0592']"
269,8,"['B4512', '-1', 334, 'E0592']"
277,9,8,"['S160', '4', 248, 335, 'E0435']"
294,3,"['B0305', '-4', 338, 'E0435']"
297,4,11,"['S172', '2', 254, 336, 'E0468']"
312,8,"['B5103', '-2', 344, 'E0468']"
320,12,9,"['A024', '0']"
new task..............,hasoto,0
483,"['A024', '0']"
483,6,"['B8439', '53']"
489,1,27,"['B8059', '36']"
517,1,23,"['B1110', '41']"
541,8,24,"['A024', '0']"
new task..............,hasoto,1
573,"['A024', '0']"
573,5,"['B8531', '69']"
578,1,30,"['B3652', '60']"
609,4,28,"['S213', '3', 598, 685, 'E0642']"
641,3,"['B1691', '-3', 688, 'E0642']"
644,9,10,"['S157', '12', 597, 680, 'E0424']"
663,7,"['B3202', '-12', 687, 'E0424']"
670,10,15,"['A024', '0']"
89,1256
new crir
new task..............,hasoto,0
0,"['A024', '0']"
0,5,"['B7916', '12']"
5,1,15,"['B2449', '44']"
21,2,25,"['B3172', '33']"
48,3,22,"['B6606', '30']"
73,4,21,"['A024', '0']"
new task..............,hasoto,0
98,"['A024', '0']"
98,7,"['B4086', '56']"
105,2,27,"['B4896', '65']"
134,9,29,"['A024', '0']"
new task..............,hasoto,0
172,"['A024', '0']"
172,4,"['B1691', '33']"
176,4,22,"['B1846', '75']"
202,1,31,"['A024', '0']"
90,234
new crir
new task..............,hasoto,1
596,"['A024', '0']"
596,5,"['S202', 2, 601, 684, 'E0602']"
601,7,"['B6860', -2, 691, 'E0602']"
608,7,9,"['A024', '0']"
91,0
