new crir
new task..............,hasoto,0
0,"['A027', '0']"
0,5,"['B3904', '11']"
5,2,15,"['B4980', '8']"
22,5,13,"['B4242', '12']"
40,3,15,"['B1103', '11']"
58,1,15,"['B6343', '13']"
74,2,16,"['B1843', '8']"
92,2,13,"['B5917', '16']"
107,2,17,"['B1213', '14']"
126,7,16,"['B1136', '26']"
149,1,20,"['B4439', '16']"
170,4,17,"['A027', '0']"
new task..............,hasoto,1
191,"['A027', '0']"
191,13,"['B7633', '37']"
204,3,23,"['S123', '1', 222, 311, 'E0285']"
230,1,"['B6776', '-1', 312, 'E0285']"
231,1,8,"['S123', '2', 212, 243, 'E0277']"
240,59,"['B2851', '-2', 302, 'E0277']"
299,59,9,"['S123', '2', 281, 370, 'E0276']"
367,1,"['B2068', '-2', 371, 'E0276']"
368,1,9,"['S123', '1', 289, 378, 'E0288']"
378,1,"['B6776', '-1', 379, 'E0288']"
379,0,8,"['B6776', '40']"
387,1,24,"['S119', '3', 334, 421, 'E0264']"
412,3,"['B0986', '-3', 424, 'E0264']"
415,3,10,"['S123', '1', 342, 431, 'E0289']"
428,1,"['B6776', '-1', 432, 'E0289']"
429,1,8,"['S123', '2', 357, 446, 'E0290']"
438,1,"['B6776', '-2', 447, 'E0290']"
439,1,9,"['S123', '1', 394, 483, 'E0291']"
449,1,"['B6776', '-1', 484, 'E0291']"
450,1,8,"['S123', '1', 455, 545, 'E0283']"
459,0,"['B0425', '-1', 545, 'E0283']"
459,0,8,"['S123', '2', 467, 557, 'E0284']"
467,0,"['B0425', '-2', 557, 'E0284']"
467,0,9,"['S121', '1', 389, 478, 'E0271']"
476,1,"['B6776', '-1', 479, 'E0271']"
477,1,8,"['S120', '1', 448, 532, 'E0265']"
486,6,"['B1245', '-1', 538, 'E0265']"
492,9,8,"['B0986', '52']"
509,3,27,"['S123', '1', 517, 604, 'E0280']"
539,3,"['B3209', '-1', 607, 'E0280']"
542,19,8,"['A027', '0']"
109,740
new crir
new task..............,hasoto,0
0,"['A027', '0']"
0,9,"['B3141', '32']"
9,2,22,"['B0980', '13']"
33,1,16,"['B6742', '18']"
50,8,18,"['B2518', '25']"
76,2,20,"['B8728', '15']"
98,7,17,"['A027', '0']"
new task..............,hasoto,1
122,"['A027', '0']"
122,10,"['B0306', '27']"
132,2,21,"['B5061', '21']"
155,2,19,"['B9201', '23']"
176,1,19,"['B1401', '20']"
196,2,18,"['B2687', '42']"
216,19,24,"['S123', '3', 249, 338, 'E0275']"
259,1,"['B2068', '-3', 339, 'E0275']"
260,1,10,"['S121', '1', 268, 357, 'E0269']"
271,1,"['B6776', '-1', 358, 'E0269']"
272,1,8,"['S121', '1', 272, 362, 'E0268']"
281,0,"['B0425', '-1', 362, 'E0268']"
281,0,8,"['S123', '1', 282, 371, 'E0287']"
289,1,"['B6776', '-1', 372, 'E0287']"
290,1,8,"['S121', '1', 245, 333, 'E0267']"
299,2,"['B2236', '-1', 335, 'E0267']"
301,2,8,"['S123', '3', 244, 333, 'E0286']"
311,1,"['B6776', '-3', 334, 'E0286']"
312,1,10,"['S121', '3', 240, 328, 'E0266']"
323,2,"['B2236', '-3', 330, 'E0266']"
325,2,10,"['S123', '1', 284, 374, 'E0282']"
337,0,"['B0425', '-1', 374, 'E0282']"
337,0,8,"['S124', '1', 285, 374, 'E0293']"
345,1,"['B6776', '-1', 375, 'E0293']"
346,15,8,"['A027', '0']"
new task..............,hasoto,1
483,"['A027', '0']"
483,8,"['B5678', '17']"
491,4,17,"['B7144', '24']"
512,2,20,"['B8193', '14']"
534,1,16,"['B6762', '23']"
551,2,19,"['B0733', '59']"
572,15,28,"['S121', '1', 615, 704, 'E0272']"
615,1,"['B6776', '-1', 705, 'E0272']"
616,1,8,"['S121', '1', 616, 705, 'E0273']"
625,1,"['B6776', '-1', 706, 'E0273']"
626,1,8,"['S123', '5', 628, 659, 'E0279']"
635,59,"['B2851', '-5', 718, 'E0279']"
694,63,12,"['A027', '0']"
110,1132
new crir
new task..............,hasoto,0
0,"['A027', '0']"
0,1,"['B3190', '6']"
1,3,12,"['B5062', '34']"
16,1,22,"['B1569', '22']"
39,3,19,"['B4191', '22']"
61,1,19,"['B9092', '17']"
81,1,17,"['B7848', '13']"
99,6,16,"['B0534', '17']"
121,1,17,"['A027', '0']"
new task..............,hasoto,0
139,"['A027', '0']"
139,13,"['B8242', '25']"
152,1,20,"['B2236', '98']"
173,14,35,"['A027', '0']"
new task..............,hasoto,1
222,"['A027', '0']"
222,3,"['B4149', '23']"
225,4,19,"['B8809', '54']"
248,1,27,"['B0088', '25']"
276,17,20,"['S123', '1', 299, 330, 'E0278']"
313,59,"['B2851', '-1', 389, 'E0278']"
372,67,8,"['B4846', '28']"
447,5,21,"['A027', '0']"
111,546
new crir
new task..............,hasoto,0
0,"['A027', '0']"
0,5,"['B3904', '11']"
5,2,15,"['B4980', '8']"
22,5,13,"['B4242', '12']"
40,3,15,"['B1103', '11']"
58,1,15,"['B6343', '13']"
74,2,16,"['B1843', '8']"
92,2,13,"['B5917', '16']"
107,2,17,"['B1213', '14']"
126,7,16,"['B1136', '26']"
149,1,20,"['B4439', '16']"
170,4,17,"['A027', '0']"
new task..............,hasoto,1
191,"['A027', '0']"
191,13,"['B7633', '37']"
204,3,23,"['S123', '1', 222, 311, 'E0285']"
230,1,"['B6776', '-1', 312, 'E0285']"
231,1,8,"['S123', '2', 212, 243, 'E0277']"
240,59,"['B2851', '-2', 302, 'E0277']"
299,59,9,"['S123', '2', 281, 370, 'E0276']"
367,1,"['B2068', '-2', 371, 'E0276']"
368,1,9,"['S123', '1', 289, 378, 'E0288']"
378,1,"['B6776', '-1', 379, 'E0288']"
379,0,8,"['B6776', '40']"
387,1,24,"['S119', '3', 334, 421, 'E0264']"
412,3,"['B0986', '-3', 424, 'E0264']"
415,3,10,"['S123', '1', 342, 431, 'E0289']"
428,1,"['B6776', '-1', 432, 'E0289']"
429,1,8,"['S123', '2', 357, 446, 'E0290']"
438,1,"['B6776', '-2', 447, 'E0290']"
439,1,9,"['S123', '1', 394, 483, 'E0291']"
449,1,"['B6776', '-1', 484, 'E0291']"
450,1,8,"['S123', '1', 455, 545, 'E0283']"
459,0,"['B0425', '-1', 545, 'E0283']"
459,0,8,"['S123', '2', 467, 557, 'E0284']"
467,0,"['B0425', '-2', 557, 'E0284']"
467,0,9,"['S121', '1', 389, 478, 'E0271']"
476,1,"['B6776', '-1', 479, 'E0271']"
477,1,8,"['S120', '1', 448, 532, 'E0265']"
486,6,"['B1245', '-1', 538, 'E0265']"
492,9,8,"['B0986', '52']"
509,3,27,"['S123', '1', 517, 604, 'E0280']"
539,3,"['B3209', '-1', 607, 'E0280']"
542,19,8,"['A027', '0']"
109,740
new crir
new task..............,hasoto,0
0,"['A027', '0']"
0,9,"['B3141', '32']"
9,2,22,"['B0980', '13']"
33,1,16,"['B6742', '18']"
50,8,18,"['B2518', '25']"
76,2,20,"['B8728', '15']"
98,7,17,"['A027', '0']"
new task..............,hasoto,1
122,"['A027', '0']"
122,10,"['B0306', '27']"
132,2,21,"['B5061', '21']"
155,2,19,"['B9201', '23']"
176,1,19,"['B1401', '20']"
196,2,18,"['B2687', '42']"
216,19,24,"['S123', '3', 249, 338, 'E0275']"
259,1,"['B2068', '-3', 339, 'E0275']"
260,1,10,"['S121', '1', 268, 357, 'E0269']"
271,1,"['B6776', '-1', 358, 'E0269']"
272,1,8,"['S121', '1', 272, 362, 'E0268']"
281,0,"['B0425', '-1', 362, 'E0268']"
281,0,8,"['S123', '1', 282, 371, 'E0287']"
289,1,"['B6776', '-1', 372, 'E0287']"
290,1,8,"['S121', '1', 245, 333, 'E0267']"
299,2,"['B2236', '-1', 335, 'E0267']"
301,2,8,"['S123', '3', 244, 333, 'E0286']"
311,1,"['B6776', '-3', 334, 'E0286']"
312,1,10,"['S121', '3', 240, 328, 'E0266']"
323,2,"['B2236', '-3', 330, 'E0266']"
325,2,10,"['S123', '1', 284, 374, 'E0282']"
337,0,"['B0425', '-1', 374, 'E0282']"
337,0,8,"['S124', '1', 285, 374, 'E0293']"
345,1,"['B6776', '-1', 375, 'E0293']"
346,15,8,"['A027', '0']"
new task..............,hasoto,1
483,"['A027', '0']"
483,8,"['B5678', '17']"
491,4,17,"['B7144', '24']"
512,2,20,"['B8193', '14']"
534,1,16,"['B6762', '23']"
551,2,19,"['B0733', '59']"
572,15,28,"['S121', '1', 615, 704, 'E0272']"
615,1,"['B6776', '-1', 705, 'E0272']"
616,1,8,"['S121', '1', 616, 705, 'E0273']"
625,1,"['B6776', '-1', 706, 'E0273']"
626,1,8,"['S123', '5', 628, 659, 'E0279']"
635,59,"['B2851', '-5', 718, 'E0279']"
694,63,12,"['A027', '0']"
110,1132
new crir
new task..............,hasoto,0
0,"['A027', '0']"
0,1,"['B3190', '6']"
1,3,12,"['B5062', '34']"
16,1,22,"['B1569', '22']"
39,3,19,"['B4191', '22']"
61,1,19,"['B9092', '17']"
81,1,17,"['B7848', '13']"
99,6,16,"['B0534', '17']"
121,1,17,"['A027', '0']"
new task..............,hasoto,0
139,"['A027', '0']"
139,13,"['B8242', '25']"
152,1,20,"['B2236', '98']"
173,14,35,"['A027', '0']"
new task..............,hasoto,1
222,"['A027', '0']"
222,3,"['B4149', '23']"
225,4,19,"['B8809', '54']"
248,1,27,"['B0088', '25']"
276,17,20,"['S123', '1', 299, 330, 'E0278']"
313,59,"['B2851', '-1', 389, 'E0278']"
372,67,8,"['B4846', '28']"
447,5,21,"['A027', '0']"
111,546
