new crir
new task..............,hasoto,0
0,"['A029', '0']"
0,4,"['B2955', '11']"
4,3,15,"['B6786', '9']"
22,1,14,"['B6127', '14']"
37,2,16,"['B7029', '19']"
55,1,18,"['B0556', '17']"
74,2,17,"['B2397', '6']"
93,1,12,"['B7302', '13']"
106,1,16,"['B8960', '21']"
123,10,19,"['A029', '0']"
new task..............,hasoto,1
152,"['A029', '0']"
152,19,"['B1420', '32']"
171,1,22,"['B7564', '36']"
194,2,23,"['B3638', '48']"
219,13,26,"['S127', '2', 236, 324, 'E0298']"
258,2,"['B2068', '-2', 326, 'E0298']"
260,2,9,"['S127', '2', 212, 299, 'E0306']"
271,3,"['B5223', '-2', 302, 'E0306']"
274,3,9,"['S127', '2', 218, 303, 'E0299']"
286,5,"['B2236', '-2', 308, 'E0299']"
291,5,9,"['S114', '2', 239, 323, 'E0252']"
305,6,"['B3053', '-2', 329, 'E0252']"
311,5,9,"['S127', '2', 241, 325, 'E0308']"
325,6,"['B8242', '-2', 331, 'E0308']"
331,6,9,"['S127', '3', 260, 347, 'E0307']"
346,3,"['B5223', '-3', 350, 'E0307']"
349,3,10,"['S112', '3', 297, 382, 'E0244']"
362,5,"['B6827', '-3', 387, 'E0244']"
367,1,10,"['S099', '2', 293, 379, 'E0202']"
378,4,"['B0425', '-2', 383, 'E0202']"
382,2,9,"['S112', '1', 306, 393, 'E0245']"
393,3,"['B9135', '-1', 396, 'E0245']"
396,3,8,"['S114', '1', 360, 447, 'E0254']"
407,3,"['B6406', '-1', 450, 'E0254']"
410,2,8,"['S127', '2', 343, 428, 'E0300']"
420,5,"['B2236', '-2', 433, 'E0300']"
425,5,9,"['S114', '1', 366, 450, 'E0255']"
439,6,"['B8005', '-1', 456, 'E0255']"
445,10,8,"['S103', '1', 381, 467, 'E0216']"
463,4,"['B9135', '-1', 471, 'E0216']"
467,3,8,"['S127', '2', 397, 484, 'E0305']"
478,3,"['B0425', '-2', 487, 'E0305']"
481,0,9,"['S115', '2', 460, 547, 'E0257']"
490,3,"['B8393', '-2', 550, 'E0257']"
493,2,9,"['S110', '1', 424, 512, 'E0240']"
504,2,"['B8393', '-1', 514, 'E0240']"
506,1,8,"['S104', '2', 515, 601, 'E0217']"
515,4,"['B2236', '-2', 605, 'E0217']"
519,17,9,"['A029', '0']"
116,679
new crir
new task..............,hasoto,0
0,"['A029', '0']"
0,12,"['B7904', '32']"
12,6,22,"['B5089', '37']"
40,2,23,"['B7366', '6']"
65,2,12,"['B3479', '15']"
79,3,17,"['B0176', '31']"
99,7,22,"['A029', '0']"
new task..............,hasoto,1
128,"['A029', '0']"
128,3,"['B1976', '16']"
131,2,17,"['B4703', '15']"
150,4,17,"['B3925', '9']"
171,3,14,"['B6390', '17']"
188,1,17,"['B6827', '39']"
206,2,24,"['S104', '1', 214, 247, 'E0218']"
232,57,"['B2851', '-1', 304, 'E0218']"
289,55,8,"['S099', '2', 264, 352, 'E0203']"
352,2,"['B6390', '-2', 354, 'E0203']"
354,3,9,"['S103', '1', 302, 388, 'E0215']"
366,4,"['B2236', '-1', 392, 'E0215']"
370,6,8,"['B1282', '31']"
384,11,22,"['A029', '0']"
new task..............,hasoto,1
526,"['A029', '0']"
526,10,"['B0620', '59']"
536,1,28,"['B4911', '55']"
565,4,27,"['B1895', '13']"
596,17,16,"['S096', '1', 585, 667, 'E0194']"
629,8,"['B5223', '-1', 675, 'E0194']"
637,3,8,"['S127', '1', 618, 703, 'E0301']"
648,5,"['B2236', '-1', 708, 'E0301']"
653,5,8,"['S114', '1', 585, 673, 'E0250']"
666,2,"['B2068', '-1', 675, 'E0250']"
668,2,8,"['S114', '1', 617, 706, 'E0256']"
678,1,"['B8754', '-1', 707, 'E0256']"
679,15,8,"['A029', '0']"
117,1211
new crir
new task..............,hasoto,0
0,"['A029', '0']"
0,1,"['B1323', '14']"
1,5,16,"['B8756', '7']"
22,2,13,"['B3273', '10']"
37,1,14,"['B7569', '25']"
52,1,20,"['B3836', '33']"
73,3,22,"['B3493', '3']"
98,1,10,"['B6928', '20']"
109,1,18,"['B8127', '5']"
128,1,12,"['B6733', '10']"
141,2,14,"['A029', '0']"
new task..............,hasoto,1
157,"['A029', '0']"
157,21,"['B2963', '56']"
178,1,27,"['B2616', '24']"
206,2,20,"['B8030', '33']"
228,4,22,"['B2440', '6']"
254,11,12,"['S104', '1', 253, 340, 'E0221']"
277,3,"['B0425', '-1', 343, 'E0221']"
280,3,8,"['S104', '1', 243, 330, 'E0222']"
291,3,"['B6776', '-1', 333, 'E0222']"
294,4,8,"['S099', '3', 240, 320, 'E0204']"
306,10,"['B9158', '-3', 330, 'E0204']"
316,7,10,"['S114', '2', 274, 361, 'E0253']"
333,3,"['B6406', '-2', 364, 'E0253']"
336,18,9,"['A029', '0']"
new task..............,hasoto,0
503,"['A029', '0']"
503,3,"['B0545', '21']"
506,2,19,"['B8126', '24']"
527,2,20,"['B5096', '14']"
549,2,16,"['B1075', '10']"
567,1,14,"['B8738', '49']"
582,5,26,"['A029', '0']"
new task..............,hasoto,0
613,"['A029', '0']"
613,9,"['B5785', '36']"
622,1,23,"['B1915', '60']"
646,4,28,"['B4989', '26']"
678,6,20,"['A029', '0']"
118,704
new crir
new task..............,hasoto,0
0,"['A029', '0']"
0,8,"['B3197', '18']"
8,1,18,"['B5879', '17']"
27,3,17,"['B2030', '21']"
47,2,19,"['B7908', '43']"
68,9,25,"['B7631', '19']"
102,1,18,"['B0071', '12']"
121,8,15,"['A029', '0']"
new task..............,hasoto,0
144,"['A029', '0']"
144,15,"['B0078', '30']"
159,3,21,"['B1571', '38']"
183,1,23,"['B5756', '37']"
207,13,23,"['A029', '0']"
new task..............,hasoto,1
243,"['A029', '0']"
243,4,"['B5766', '9']"
247,19,14,"['S116', '3', 256, 288, 'E0258']"
280,58,"['B2170', '-3', 346, 'E0258']"
338,45,10,"['B2315', '13']"
393,13,16,"['S096', '1', 410, 445, 'E0193']"
422,55,"['B2851', '-1', 500, 'E0193']"
477,44,8,"['B8179', '5']"
529,2,12,"['B3051', '4']"
543,3,11,"['B8373', '4']"
557,2,11,"['B8760', '8']"
570,4,13,"['B5688', '10']"
587,4,14,"['B3522', '50']"
605,1,26,"['B5930', '36']"
632,4,23,"['A029', '0']"
119,784
new crir
new task..............,hasoto,0
0,"['A029', '0']"
0,13,"['B1388', '29']"
13,4,21,"['B3705', '14']"
38,3,16,"['B3609', '23']"
57,1,19,"['B6406', '23']"
77,3,19,"['B6710', '47']"
99,15,26,"['A029', '0']"
new task..............,hasoto,1
140,"['A029', '0']"
140,7,"['B3744', '5']"
147,1,12,"['B5494', '23']"
160,3,19,"['B8014', '15']"
182,3,17,"['B3100', '13']"
202,2,16,"['B7643', '25']"
220,27,20,"['S127', '2', 259, 291, 'E0302']"
267,58,"['B2851', '-2', 349, 'E0302']"
325,44,9,"['B1600', '12']"
378,2,15,"['B7217', '7']"
395,4,13,"['A029', '0']"
120,419
new crir
new task..............,hasoto,1
244,"['A029', '0']"
244,16,"['S112', 1, 260, 292, 'E0243']"
260,58,"['B2851', -1, 350, 'E0243']"
318,58,8,"['S114', 1, 543, 575, 'E0251']"
384,58,"['B2851', -1, 633, 'E0251']"
442,57,8,"['S104', 1, 620, 653, 'E0220']"
507,57,"['B2851', -1, 710, 'E0220']"
564,48,8,"['A029', '0']"
121,0
new crir
new task..............,hasoto,0
0,"['A029', '0']"
0,4,"['B2955', '11']"
4,3,15,"['B6786', '9']"
22,1,14,"['B6127', '14']"
37,2,16,"['B7029', '19']"
55,1,18,"['B0556', '17']"
74,2,17,"['B2397', '6']"
93,1,12,"['B7302', '13']"
106,1,16,"['B8960', '21']"
123,10,19,"['A029', '0']"
new task..............,hasoto,1
152,"['A029', '0']"
152,19,"['B1420', '32']"
171,1,22,"['B7564', '36']"
194,2,23,"['B3638', '48']"
219,13,26,"['S127', '2', 236, 324, 'E0298']"
258,2,"['B2068', '-2', 326, 'E0298']"
260,2,9,"['S127', '2', 212, 299, 'E0306']"
271,3,"['B5223', '-2', 302, 'E0306']"
274,3,9,"['S127', '2', 218, 303, 'E0299']"
286,5,"['B2236', '-2', 308, 'E0299']"
291,5,9,"['S114', '2', 239, 323, 'E0252']"
305,6,"['B3053', '-2', 329, 'E0252']"
311,5,9,"['S127', '2', 241, 325, 'E0308']"
325,6,"['B8242', '-2', 331, 'E0308']"
331,6,9,"['S127', '3', 260, 347, 'E0307']"
346,3,"['B5223', '-3', 350, 'E0307']"
349,3,10,"['S112', '3', 297, 382, 'E0244']"
362,5,"['B6827', '-3', 387, 'E0244']"
367,1,10,"['S099', '2', 293, 379, 'E0202']"
378,4,"['B0425', '-2', 383, 'E0202']"
382,2,9,"['S112', '1', 306, 393, 'E0245']"
393,3,"['B9135', '-1', 396, 'E0245']"
396,3,8,"['S114', '1', 360, 447, 'E0254']"
407,3,"['B6406', '-1', 450, 'E0254']"
410,2,8,"['S127', '2', 343, 428, 'E0300']"
420,5,"['B2236', '-2', 433, 'E0300']"
425,5,9,"['S114', '1', 366, 450, 'E0255']"
439,6,"['B8005', '-1', 456, 'E0255']"
445,10,8,"['S103', '1', 381, 467, 'E0216']"
463,4,"['B9135', '-1', 471, 'E0216']"
467,3,8,"['S127', '2', 397, 484, 'E0305']"
478,3,"['B0425', '-2', 487, 'E0305']"
481,0,9,"['S115', '2', 460, 547, 'E0257']"
490,3,"['B8393', '-2', 550, 'E0257']"
493,2,9,"['S110', '1', 424, 512, 'E0240']"
504,2,"['B8393', '-1', 514, 'E0240']"
506,1,8,"['S104', '2', 515, 601, 'E0217']"
515,4,"['B2236', '-2', 605, 'E0217']"
519,17,9,"['A029', '0']"
116,679
new crir
new task..............,hasoto,0
0,"['A029', '0']"
0,12,"['B7904', '32']"
12,6,22,"['B5089', '37']"
40,2,23,"['B7366', '6']"
65,2,12,"['B3479', '15']"
79,3,17,"['B0176', '31']"
99,7,22,"['A029', '0']"
new task..............,hasoto,1
128,"['A029', '0']"
128,3,"['B1976', '16']"
131,2,17,"['B4703', '15']"
150,4,17,"['B3925', '9']"
171,3,14,"['B6390', '17']"
188,1,17,"['B6827', '39']"
206,2,24,"['S104', '1', 214, 247, 'E0218']"
232,57,"['B2851', '-1', 304, 'E0218']"
289,55,8,"['S099', '2', 264, 352, 'E0203']"
352,2,"['B6390', '-2', 354, 'E0203']"
354,3,9,"['S103', '1', 302, 388, 'E0215']"
366,4,"['B2236', '-1', 392, 'E0215']"
370,6,8,"['B1282', '31']"
384,11,22,"['A029', '0']"
new task..............,hasoto,1
526,"['A029', '0']"
526,10,"['B0620', '59']"
536,1,28,"['B4911', '55']"
565,4,27,"['B1895', '13']"
596,17,16,"['S096', '1', 585, 667, 'E0194']"
629,8,"['B5223', '-1', 675, 'E0194']"
637,3,8,"['S127', '1', 618, 703, 'E0301']"
648,5,"['B2236', '-1', 708, 'E0301']"
653,5,8,"['S114', '1', 585, 673, 'E0250']"
666,2,"['B2068', '-1', 675, 'E0250']"
668,2,8,"['S114', '1', 617, 706, 'E0256']"
678,1,"['B8754', '-1', 707, 'E0256']"
679,15,8,"['A029', '0']"
117,1211
new crir
new task..............,hasoto,0
0,"['A029', '0']"
0,1,"['B1323', '14']"
1,5,16,"['B8756', '7']"
22,2,13,"['B3273', '10']"
37,1,14,"['B7569', '25']"
52,1,20,"['B3836', '33']"
73,3,22,"['B3493', '3']"
98,1,10,"['B6928', '20']"
109,1,18,"['B8127', '5']"
128,1,12,"['B6733', '10']"
141,2,14,"['A029', '0']"
new task..............,hasoto,1
157,"['A029', '0']"
157,21,"['B2963', '56']"
178,1,27,"['B2616', '24']"
206,2,20,"['B8030', '33']"
228,4,22,"['B2440', '6']"
254,11,12,"['S104', '1', 253, 340, 'E0221']"
277,3,"['B0425', '-1', 343, 'E0221']"
280,3,8,"['S104', '1', 243, 330, 'E0222']"
291,3,"['B6776', '-1', 333, 'E0222']"
294,4,8,"['S099', '3', 240, 320, 'E0204']"
306,10,"['B9158', '-3', 330, 'E0204']"
316,7,10,"['S114', '2', 274, 361, 'E0253']"
333,3,"['B6406', '-2', 364, 'E0253']"
336,18,9,"['A029', '0']"
new task..............,hasoto,0
503,"['A029', '0']"
503,3,"['B0545', '21']"
506,2,19,"['B8126', '24']"
527,2,20,"['B5096', '14']"
549,2,16,"['B1075', '10']"
567,1,14,"['B8738', '49']"
582,5,26,"['A029', '0']"
new task..............,hasoto,0
613,"['A029', '0']"
613,9,"['B5785', '36']"
622,1,23,"['B1915', '60']"
646,4,28,"['B4989', '26']"
678,6,20,"['A029', '0']"
118,704
new crir
new task..............,hasoto,0
0,"['A029', '0']"
0,8,"['B3197', '18']"
8,1,18,"['B5879', '17']"
27,3,17,"['B2030', '21']"
47,2,19,"['B7908', '43']"
68,9,25,"['B7631', '19']"
102,1,18,"['B0071', '12']"
121,8,15,"['A029', '0']"
new task..............,hasoto,0
144,"['A029', '0']"
144,15,"['B0078', '30']"
159,3,21,"['B1571', '38']"
183,1,23,"['B5756', '37']"
207,13,23,"['A029', '0']"
new task..............,hasoto,1
243,"['A029', '0']"
243,4,"['B5766', '9']"
247,19,14,"['S116', '3', 256, 288, 'E0258']"
280,58,"['B2170', '-3', 346, 'E0258']"
338,45,10,"['B2315', '13']"
393,13,16,"['S096', '1', 410, 445, 'E0193']"
422,55,"['B2851', '-1', 500, 'E0193']"
477,44,8,"['B8179', '5']"
529,2,12,"['B3051', '4']"
543,3,11,"['B8373', '4']"
557,2,11,"['B8760', '8']"
570,4,13,"['B5688', '10']"
587,4,14,"['B3522', '50']"
605,1,26,"['B5930', '36']"
632,4,23,"['A029', '0']"
119,784
new crir
new task..............,hasoto,0
0,"['A029', '0']"
0,13,"['B1388', '29']"
13,4,21,"['B3705', '14']"
38,3,16,"['B3609', '23']"
57,1,19,"['B6406', '23']"
77,3,19,"['B6710', '47']"
99,15,26,"['A029', '0']"
new task..............,hasoto,1
140,"['A029', '0']"
140,7,"['B3744', '5']"
147,1,12,"['B5494', '23']"
160,3,19,"['B8014', '15']"
182,3,17,"['B3100', '13']"
202,2,16,"['B7643', '25']"
220,27,20,"['S127', '2', 259, 291, 'E0302']"
267,58,"['B2851', '-2', 349, 'E0302']"
325,44,9,"['B1600', '12']"
378,2,15,"['B7217', '7']"
395,4,13,"['A029', '0']"
120,419
new crir
new task..............,hasoto,1
244,"['A029', '0']"
244,16,"['S112', 1, 260, 292, 'E0243']"
260,58,"['B2851', -1, 350, 'E0243']"
318,58,8,"['S114', 1, 543, 575, 'E0251']"
384,58,"['B2851', -1, 633, 'E0251']"
442,57,8,"['S104', 1, 620, 653, 'E0220']"
507,57,"['B2851', -1, 710, 'E0220']"
564,48,8,"['A029', '0']"
121,0
