new crir
new task..............,hasoto,0
0,"['A034', '0']"
0,16,"['B4550', '33']"
16,2,22,"['B1128', '42']"
40,2,24,"['B4199', '63']"
66,12,29,"['A034', '0']"
new task..............,hasoto,0
107,"['A034', '0']"
107,9,"['B5074', '59']"
116,1,28,"['B4481', '34']"
145,2,22,"['B2768', '45']"
169,8,25,"['A034', '0']"
new task..............,hasoto,1
202,"['A034', '0']"
202,9,"['B0121', '19']"
211,1,18,"['B2356', '33']"
230,0,22,"['S510', '2', 236, 326, 'E1992']"
252,0,"['B2356', '-2', 326, 'E1992']"
252,1,9,"['S513', '1', 230, 318, 'E2019']"
262,2,"['B6455', '-1', 320, 'E2019']"
264,0,8,"['B6455', '28']"
272,1,21,"['B7338', '24']"
294,2,20,"['S511', '1', 300, 387, 'E2013']"
316,3,"['B2959', '-1', 390, 'E2013']"
319,2,8,"['S510', '3', 325, 414, 'E2003']"
329,1,"['B4481', '-3', 415, 'E2003']"
330,1,10,"['S511', '1', 332, 420, 'E2012']"
341,2,"['B2768', '-1', 422, 'E2012']"
343,2,8,"['S513', '2', 331, 416, 'E2017']"
353,5,"['B3219', '-2', 421, 'E2017']"
358,5,9,"['S511', '1', 372, 460, 'E2015']"
372,2,"['B7338', '-1', 462, 'E2015']"
374,2,8,"['S511', '1', 327, 415, 'E2011']"
384,2,"['B2768', '-1', 417, 'E2011']"
386,8,8,"['A034', '0']"
new task..............,hasoto,1
592,"['A034', '0']"
592,17,"['B6158', '33']"
609,2,22,"['B4120', '46']"
633,1,25,"['B0718', '46']"
659,27,25,"['S511', '1', 622, 711, 'E2010']"
711,1,"['B2356', '-1', 712, 'E2010']"
712,10,8,"['A034', '0']"
149,1295
new crir
new task..............,hasoto,0
0,"['A034', '0']"
0,7,"['B3992', '17']"
7,4,17,"['B2772', '32']"
28,2,22,"['B7525', '33']"
52,1,22,"['B1372', '30']"
75,3,21,"['B3536', '12']"
99,7,15,"['A034', '0']"
new task..............,hasoto,0
121,"['A034', '0']"
121,15,"['B1005', '55']"
136,2,27,"['B4672', '14']"
165,7,16,"['B3274', '14']"
188,1,16,"['B5637', '21']"
205,3,19,"['B7917', '8']"
227,2,13,"['B3117', '8']"
242,3,13,"['B3064', '6']"
258,2,12,"['B7810', '11']"
272,15,15,"['A034', '0']"
new task..............,hasoto,0
302,"['A034', '0']"
302,5,"['B7324', '25']"
307,1,20,"['B5825', '33']"
328,2,22,"['B5219', '19']"
352,2,18,"['B2630', '10']"
372,3,14,"['B1146', '23']"
389,10,19,"['A034', '0']"
new task..............,hasoto,1
418,"['A034', '0']"
418,18,"['B8248', '22']"
436,26,19,"['S511', '1', 421, 510, 'E2014']"
481,1,"['B5074', '-1', 511, 'E2014']"
482,0,8,"['S512', '3', 415, 499, 'E2016']"
490,6,"['B7324', '-3', 505, 'E2016']"
496,7,10,"['S510', '3', 428, 518, 'E1993']"
513,0,"['B2356', '-3', 518, 'E1993']"
513,0,10,"['S510', '3', 439, 529, 'E1994']"
523,0,"['B2356', '-3', 529, 'E1994']"
523,0,10,"['S510', '3', 452, 542, 'E1995']"
533,0,"['B2356', '-3', 542, 'E1995']"
533,0,10,"['S510', '4', 473, 563, 'E1996']"
543,0,"['B2356', '-4', 563, 'E1996']"
543,1,11,"['S511', '1', 477, 563, 'E2009']"
555,4,"['B1372', '-1', 567, 'E2009']"
559,4,8,"['S510', '2', 532, 622, 'E1999']"
571,0,"['B2356', '-2', 622, 'E1999']"
571,0,9,"['S510', '3', 504, 594, 'E1998']"
580,0,"['B2356', '-3', 594, 'E1998']"
580,0,10,"['S510', '2', 587, 677, 'E2001']"
590,0,"['B2356', '-2', 677, 'E2001']"
590,0,9,"['S510', '1', 583, 673, 'E2000']"
599,0,"['B2356', '-1', 673, 'E2000']"
599,0,8,"['S510', '1', 597, 684, 'E2002']"
607,3,"['B2768', '-1', 687, 'E2002']"
610,26,8,"['B7801', '31']"
644,1,22,"['B4623', '31']"
667,2,22,"['B5235', '30']"
691,18,21,"['A034', '0']"
150,1139
new crir
new task..............,hasoto,0
0,"['A034', '0']"
0,10,"['B5544', '25']"
10,2,20,"['B2959', '33']"
32,1,22,"['B8497', '13']"
55,3,16,"['B5610', '54']"
74,11,27,"['A034', '0']"
new task..............,hasoto,0
112,"['A034', '0']"
112,3,"['B0935', '27']"
115,8,21,"['B2640', '34']"
144,1,22,"['B7656', '28']"
167,1,21,"['B0774', '23']"
189,4,19,"['B8386', '1']"
212,5,8,"['A034', '0']"
new task..............,hasoto,0
225,"['A034', '0']"
225,1,"['B7375', '38']"
226,11,23,"['B1265', '16']"
260,2,17,"['B2130', '73']"
279,3,31,"['B6723', '3']"
313,6,10,"['A034', '0']"
new task..............,hasoto,0
329,"['A034', '0']"
329,2,"['B2249', '7']"
331,4,13,"['B4945', '43']"
348,3,25,"['A034', '0']"
new task..............,hasoto,1
376,"['A034', '0']"
376,5,"['B0358', '46']"
381,1,25,"['B5098', '40']"
407,5,24,"['S510', '3', 433, 522, 'E2004']"
436,1,"['B6455', '-3', 523, 'E2004']"
437,1,10,"['S510', '3', 433, 466, 'E2005']"
448,57,"['B0655', '-3', 523, 'E2005']"
505,57,10,"['B8784', '44']"
572,8,25,"['A034', '0']"
151,859
new crir
new task..............,hasoto,0
0,"['A034', '0']"
0,14,"['B6080', '59']"
14,1,28,"['B0464', '65']"
43,2,29,"['B0197', '3']"
74,1,10,"['B8425', '7']"
85,4,13,"['B3963', '6']"
102,7,12,"['A034', '0']"
new task..............,hasoto,0
121,"['A034', '0']"
121,6,"['B5335', '29']"
127,1,21,"['B2210', '36']"
149,3,23,"['B0894', '32']"
175,4,22,"['B3475', '7']"
201,10,13,"['A034', '0']"
new task..............,hasoto,0
224,"['A034', '0']"
224,11,"['B5264', '33']"
235,1,22,"['B5984', '63']"
258,7,29,"['B2664', '32']"
294,4,22,"['A034', '0']"
new task..............,hasoto,0
320,"['A034', '0']"
320,14,"['B5396', '26']"
334,2,20,"['B1500', '17']"
356,2,17,"['B3129', '46']"
375,2,25,"['B6817', '30']"
402,15,21,"['A034', '0']"
new task..............,hasoto,0
438,"['A034', '0']"
438,1,"['B6350', '29']"
439,4,21,"['B6804', '39']"
464,2,24,"['B6019', '33']"
490,2,22,"['B2743', '22']"
514,1,19,"['A034', '0']"
152,534
new crir
new task..............,hasoto,1
223,"['A034', '0']"
223,10,"['S513', 1, 233, 233, 'E2020']"
233,96,"['B9037', -1, 323, 'E2020']"
329,96,8,"['S510', 3, 578, 597, 'E2006']"
433,71,"['B8039', -3, 668, 'E2006']"
504,71,10,"['S510', 1, 617, 704, 'E2008']"
585,3,"['B8497', -1, 707, 'E2008']"
588,13,8,"['A034', '0']"
153,0
new crir
new task..............,hasoto,0
0,"['A034', '0']"
0,16,"['B4550', '33']"
16,2,22,"['B1128', '42']"
40,2,24,"['B4199', '63']"
66,12,29,"['A034', '0']"
new task..............,hasoto,0
107,"['A034', '0']"
107,9,"['B5074', '59']"
116,1,28,"['B4481', '34']"
145,2,22,"['B2768', '45']"
169,8,25,"['A034', '0']"
new task..............,hasoto,1
202,"['A034', '0']"
202,9,"['B0121', '19']"
211,1,18,"['B2356', '33']"
230,0,22,"['S510', '2', 236, 326, 'E1992']"
252,0,"['B2356', '-2', 326, 'E1992']"
252,1,9,"['S513', '1', 230, 318, 'E2019']"
262,2,"['B6455', '-1', 320, 'E2019']"
264,0,8,"['B6455', '28']"
272,1,21,"['B7338', '24']"
294,2,20,"['S511', '1', 300, 387, 'E2013']"
316,3,"['B2959', '-1', 390, 'E2013']"
319,2,8,"['S510', '3', 325, 414, 'E2003']"
329,1,"['B4481', '-3', 415, 'E2003']"
330,1,10,"['S511', '1', 332, 420, 'E2012']"
341,2,"['B2768', '-1', 422, 'E2012']"
343,2,8,"['S513', '2', 331, 416, 'E2017']"
353,5,"['B3219', '-2', 421, 'E2017']"
358,5,9,"['S511', '1', 372, 460, 'E2015']"
372,2,"['B7338', '-1', 462, 'E2015']"
374,2,8,"['S511', '1', 327, 415, 'E2011']"
384,2,"['B2768', '-1', 417, 'E2011']"
386,8,8,"['A034', '0']"
new task..............,hasoto,1
592,"['A034', '0']"
592,17,"['B6158', '33']"
609,2,22,"['B4120', '46']"
633,1,25,"['B0718', '46']"
659,27,25,"['S511', '1', 622, 711, 'E2010']"
711,1,"['B2356', '-1', 712, 'E2010']"
712,10,8,"['A034', '0']"
149,1295
new crir
new task..............,hasoto,0
0,"['A034', '0']"
0,7,"['B3992', '17']"
7,4,17,"['B2772', '32']"
28,2,22,"['B7525', '33']"
52,1,22,"['B1372', '30']"
75,3,21,"['B3536', '12']"
99,7,15,"['A034', '0']"
new task..............,hasoto,0
121,"['A034', '0']"
121,15,"['B1005', '55']"
136,2,27,"['B4672', '14']"
165,7,16,"['B3274', '14']"
188,1,16,"['B5637', '21']"
205,3,19,"['B7917', '8']"
227,2,13,"['B3117', '8']"
242,3,13,"['B3064', '6']"
258,2,12,"['B7810', '11']"
272,15,15,"['A034', '0']"
new task..............,hasoto,0
302,"['A034', '0']"
302,5,"['B7324', '25']"
307,1,20,"['B5825', '33']"
328,2,22,"['B5219', '19']"
352,2,18,"['B2630', '10']"
372,3,14,"['B1146', '23']"
389,10,19,"['A034', '0']"
new task..............,hasoto,1
418,"['A034', '0']"
418,18,"['B8248', '22']"
436,26,19,"['S511', '1', 421, 510, 'E2014']"
481,1,"['B5074', '-1', 511, 'E2014']"
482,0,8,"['S512', '3', 415, 499, 'E2016']"
490,6,"['B7324', '-3', 505, 'E2016']"
496,7,10,"['S510', '3', 428, 518, 'E1993']"
513,0,"['B2356', '-3', 518, 'E1993']"
513,0,10,"['S510', '3', 439, 529, 'E1994']"
523,0,"['B2356', '-3', 529, 'E1994']"
523,0,10,"['S510', '3', 452, 542, 'E1995']"
533,0,"['B2356', '-3', 542, 'E1995']"
533,0,10,"['S510', '4', 473, 563, 'E1996']"
543,0,"['B2356', '-4', 563, 'E1996']"
543,1,11,"['S511', '1', 477, 563, 'E2009']"
555,4,"['B1372', '-1', 567, 'E2009']"
559,4,8,"['S510', '2', 532, 622, 'E1999']"
571,0,"['B2356', '-2', 622, 'E1999']"
571,0,9,"['S510', '3', 504, 594, 'E1998']"
580,0,"['B2356', '-3', 594, 'E1998']"
580,0,10,"['S510', '2', 587, 677, 'E2001']"
590,0,"['B2356', '-2', 677, 'E2001']"
590,0,9,"['S510', '1', 583, 673, 'E2000']"
599,0,"['B2356', '-1', 673, 'E2000']"
599,0,8,"['S510', '1', 597, 684, 'E2002']"
607,3,"['B2768', '-1', 687, 'E2002']"
610,26,8,"['B7801', '31']"
644,1,22,"['B4623', '31']"
667,2,22,"['B5235', '30']"
691,18,21,"['A034', '0']"
150,1139
new crir
new task..............,hasoto,0
0,"['A034', '0']"
0,10,"['B5544', '25']"
10,2,20,"['B2959', '33']"
32,1,22,"['B8497', '13']"
55,3,16,"['B5610', '54']"
74,11,27,"['A034', '0']"
new task..............,hasoto,0
112,"['A034', '0']"
112,3,"['B0935', '27']"
115,8,21,"['B2640', '34']"
144,1,22,"['B7656', '28']"
167,1,21,"['B0774', '23']"
189,4,19,"['B8386', '1']"
212,5,8,"['A034', '0']"
new task..............,hasoto,0
225,"['A034', '0']"
225,1,"['B7375', '38']"
226,11,23,"['B1265', '16']"
260,2,17,"['B2130', '73']"
279,3,31,"['B6723', '3']"
313,6,10,"['A034', '0']"
new task..............,hasoto,0
329,"['A034', '0']"
329,2,"['B2249', '7']"
331,4,13,"['B4945', '43']"
348,3,25,"['A034', '0']"
new task..............,hasoto,1
376,"['A034', '0']"
376,5,"['B0358', '46']"
381,1,25,"['B5098', '40']"
407,5,24,"['S510', '3', 433, 522, 'E2004']"
436,1,"['B6455', '-3', 523, 'E2004']"
437,1,10,"['S510', '3', 433, 466, 'E2005']"
448,57,"['B0655', '-3', 523, 'E2005']"
505,57,10,"['B8784', '44']"
572,8,25,"['A034', '0']"
151,859
new crir
new task..............,hasoto,0
0,"['A034', '0']"
0,14,"['B6080', '59']"
14,1,28,"['B0464', '65']"
43,2,29,"['B0197', '3']"
74,1,10,"['B8425', '7']"
85,4,13,"['B3963', '6']"
102,7,12,"['A034', '0']"
new task..............,hasoto,0
121,"['A034', '0']"
121,6,"['B5335', '29']"
127,1,21,"['B2210', '36']"
149,3,23,"['B0894', '32']"
175,4,22,"['B3475', '7']"
201,10,13,"['A034', '0']"
new task..............,hasoto,0
224,"['A034', '0']"
224,11,"['B5264', '33']"
235,1,22,"['B5984', '63']"
258,7,29,"['B2664', '32']"
294,4,22,"['A034', '0']"
new task..............,hasoto,0
320,"['A034', '0']"
320,14,"['B5396', '26']"
334,2,20,"['B1500', '17']"
356,2,17,"['B3129', '46']"
375,2,25,"['B6817', '30']"
402,15,21,"['A034', '0']"
new task..............,hasoto,0
438,"['A034', '0']"
438,1,"['B6350', '29']"
439,4,21,"['B6804', '39']"
464,2,24,"['B6019', '33']"
490,2,22,"['B2743', '22']"
514,1,19,"['A034', '0']"
152,534
new crir
new task..............,hasoto,1
223,"['A034', '0']"
223,10,"['S513', 1, 233, 233, 'E2020']"
233,96,"['B9037', -1, 323, 'E2020']"
329,96,8,"['S510', 3, 578, 597, 'E2006']"
433,71,"['B8039', -3, 668, 'E2006']"
504,71,10,"['S510', 1, 617, 704, 'E2008']"
585,3,"['B8497', -1, 707, 'E2008']"
588,13,8,"['A034', '0']"
153,0
