new crir
new task..............,hasoto,0
0,"['A036', '0']"
0,2,"['B6685', '56']"
2,2,27,"['B2889', '36']"
31,1,23,"['B8918', '45']"
55,2,25,"['A036', '0']"
new task..............,hasoto,0
82,"['A036', '0']"
82,10,"['B8845', '19']"
92,1,18,"['B8962', '29']"
111,1,21,"['B4809', '39']"
133,9,24,"['A036', '0']"
new task..............,hasoto,1
166,"['A036', '0']"
166,7,"['B5975', '39']"
173,1,24,"['B4175', '31']"
198,2,22,"['B0153', '38']"
222,5,23,"['S294', '5', 211, 282, 'E1084']"
250,19,"['B7555', '-5', 301, 'E1084']"
269,16,12,"['S279', '2', 251, 338, 'E1020']"
297,3,"['B5295', '-2', 341, 'E1020']"
300,2,9,"['S294', '3', 275, 335, 'E1078']"
311,30,"['B6827', '-3', 365, 'E1078']"
341,25,10,"['S266', '2', 296, 383, 'E0980']"
376,3,"['B1506', '-2', 386, 'E0980']"
379,6,9,"['S294', '2', 339, 401, 'E1091']"
394,28,"['B0986', '-2', 429, 'E1091']"
422,28,9,"['S294', '2', 407, 475, 'E1056']"
459,22,"['B3209', '-2', 497, 'E1056']"
481,20,9,"['S279', '2', 485, 573, 'E1022']"
510,2,"['B8322', '-2', 575, 'E1022']"
512,1,9,"['S294', '4', 477, 536, 'E1073']"
522,31,"['B6390', '-4', 567, 'E1073']"
553,31,11,"['S294', '2', 538, 602, 'E1077']"
595,26,"['B6776', '-2', 628, 'E1077']"
621,20,9,"['S266', '2', 598, 684, 'E0984']"
650,4,"['B4474', '-2', 688, 'E0984']"
654,4,9,"['S285', '1', 585, 670, 'E1034']"
667,5,"['B7591', '-1', 675, 'E1034']"
672,6,8,"['S266', '2', 619, 701, 'E0982']"
686,8,"['B4145', '-2', 709, 'E0982']"
694,7,9,"['A036', '0']"
157,853
new crir
new task..............,hasoto,0
0,"['A036', '0']"
0,3,"['B3349', '55']"
3,1,27,"['B8251', '28']"
31,2,21,"['B7428', '28']"
54,4,21,"['A036', '0']"
new task..............,hasoto,0
79,"['A036', '0']"
79,3,"['B3015', '54']"
82,2,27,"['B5736', '45']"
111,2,25,"['A036', '0']"
new task..............,hasoto,0
138,"['A036', '0']"
138,9,"['B4336', '36']"
147,3,23,"['B1722', '78']"
173,8,31,"['A036', '0']"
new task..............,hasoto,1
212,"['A036', '0']"
212,4,"['B2950', '32']"
216,11,22,"['S294', '1', 215, 277, 'E1061']"
249,28,"['B4079', '-1', 305, 'E1061']"
277,28,8,"['S294', '2', 276, 340, 'E1067']"
313,26,"['B0425', '-2', 366, 'E1067']"
339,26,9,"['S294', '2', 321, 374, 'E1082']"
374,37,"['B7300', '-2', 411, 'E1082']"
411,27,9,"['B9167', '10']"
447,10,14,"['S294', '2', 413, 474, 'E1070']"
471,29,"['B5756', '-2', 503, 'E1070']"
500,29,9,"['S294', '2', 482, 542, 'E1057']"
538,30,"['B3314', '-2', 572, 'E1057']"
568,27,9,"['S279', '4', 561, 646, 'E1021']"
604,5,"['B6740', '-4', 651, 'E1021']"
609,2,11,"['B8684', '30']"
622,1,21,"['B5977', '20']"
644,1,18,"['B2405', '33']"
663,4,22,"['A036', '0']"
158,881
new crir
new task..............,hasoto,0
0,"['A036', '0']"
0,1,"['B3351', '43']"
1,1,25,"['B8642', '22']"
27,1,19,"['B1253', '46']"
47,3,25,"['A036', '0']"
new task..............,hasoto,0
75,"['A036', '0']"
75,6,"['B1554', '47']"
81,2,26,"['B6646', '60']"
109,6,28,"['A036', '0']"
new task..............,hasoto,1
143,"['A036', '0']"
143,1,"['B0888', '34']"
144,1,22,"['B5719', '46']"
167,1,25,"['B4967', '47']"
193,7,26,"['S294', '2', 217, 282, 'E1074']"
226,25,"['B6406', '-2', 307, 'E1074']"
251,25,9,"['S294', '2', 281, 349, 'E1060']"
285,22,"['B0005', '-2', 371, 'E1060']"
307,19,9,"['A036', '0']"
new task..............,hasoto,1
423,"['A036', '0']"
423,8,"['B7021', '42']"
431,10,24,"['S294', '4', 413, 472, 'E1072']"
465,31,"['B6390', '-4', 503, 'E1072']"
496,31,11,"['S294', '3', 483, 545, 'E1066']"
538,28,"['B4079', '-3', 573, 'E1066']"
566,28,10,"['S294', '1', 542, 604, 'E1076']"
604,28,"['B6442', '-1', 632, 'E1076']"
632,27,8,"['B7466', '25']"
667,7,20,"['A036', '0']"
159,1054
new crir
new task..............,hasoto,0
0,"['A036', '0']"
0,4,"['B6191', '39']"
4,1,24,"['B5991', '44']"
29,2,25,"['B5699', '37']"
56,3,23,"['A036', '0']"
new task..............,hasoto,0
82,"['A036', '0']"
82,4,"['B2512', '34']"
86,1,22,"['B4882', '85']"
109,4,33,"['A036', '0']"
new task..............,hasoto,0
146,"['A036', '0']"
146,5,"['B5090', '41']"
151,1,24,"['B1162', '87']"
176,4,33,"['A036', '0']"
new task..............,hasoto,0
213,"['A036', '0']"
213,7,"['B8948', '25']"
220,2,20,"['B8040', '46']"
242,1,25,"['B4280', '48']"
268,7,26,"['A036', '0']"
new task..............,hasoto,1
301,"['A036', '0']"
301,6,"['B8322', '49']"
307,1,26,"['B5295', '32']"
334,1,22,"['B2698', '51']"
357,7,26,"['S266', '3', 340, 426, 'E0985']"
390,4,"['B9167', '-3', 430, 'E0985']"
394,10,10,"['S294', '2', 353, 414, 'E1068']"
414,29,"['B5756', '-2', 443, 'E1068']"
443,29,9,"['S294', '2', 428, 481, 'E1083']"
481,37,"['B7300', '-2', 518, 'E1083']"
518,34,9,"['S286', '1', 502, 584, 'E1035']"
561,8,"['B3651', '-1', 592, 'E1035']"
569,4,8,"['S294', '1', 532, 592, 'E1059']"
581,30,"['B3314', '-1', 622, 'E1059']"
611,30,8,"['S294', '2', 601, 661, 'E1055']"
649,30,"['B1282', '-2', 691, 'E1055']"
679,25,9,"['A036', '0']"
160,943
new crir
new task..............,hasoto,0
0,"['A036', '0']"
0,3,"['B1506', '38']"
3,2,23,"['B6740', '42']"
28,1,24,"['B4474', '56']"
53,3,27,"['A036', '0']"
new task..............,hasoto,0
83,"['A036', '0']"
83,8,"['B1061', '21']"
91,2,19,"['B3853', '17']"
112,2,17,"['B4145', '24']"
131,1,20,"['B7765', '12']"
152,1,15,"['B0382', '46']"
168,6,25,"['A036', '0']"
new task..............,hasoto,0
199,"['A036', '0']"
199,5,"['B8255', '50']"
204,1,26,"['B5145', '47']"
231,6,26,"['A036', '0']"
new task..............,hasoto,1
263,"['A036', '0']"
263,3,"['B0045', '33']"
266,2,22,"['B3103', '44']"
290,2,25,"['B1826', '55']"
317,7,27,"['S294', '2', 351, 413, 'E1075']"
351,28,"['B6442', '-2', 441, 'E1075']"
379,28,9,"['S294', '1', 355, 416, 'E1085']"
416,29,"['B8393', '-1', 445, 'E1085']"
445,29,8,"['S294', '1', 433, 495, 'E1065']"
482,28,"['B4079', '-1', 523, 'E1065']"
510,28,8,"['S294', '1', 508, 577, 'E1088']"
546,21,"['B8926', '-1', 598, 'E1088']"
567,21,8,"['S294', '1', 551, 614, 'E1090']"
596,27,"['B9191', '-1', 641, 'E1090']"
623,21,8,"['A036', '0']"
161,853
new crir
new task..............,hasoto,0
0,"['A036', '0']"
0,8,"['B1199', '32']"
8,1,22,"['B3735', '65']"
31,1,29,"['B0656', '22']"
61,6,19,"['A036', '0']"
162,86
new crir
new task..............,hasoto,1
353,"['A036', '0']"
353,7,"['S294', 2, 360, 422, 'E1062']"
360,28,"['B4079', -2, 450, 'E1062']"
388,28,9,"['S294', 2, 365, 427, 'E1063']"
425,28,"['B4079', -2, 455, 'E1063']"
453,28,9,"['S294', 3, 434, 494, 'E1079']"
490,30,"['B6827', -3, 524, 'E1079']"
520,25,10,"['S266', 2, 570, 570, 'E0981']"
555,102,"['B3137', -2, 660, 'E0981']"
657,101,9,"['A036', '0']"
163,0
new crir
new task..............,hasoto,1
359,"['A036', '0']"
359,7,"['S294', 1, 366, 427, 'E1086']"
366,29,"['B8393', -1, 456, 'E1086']"
395,29,8,"['S294', 4, 385, 447, 'E1064']"
432,28,"['B4079', -4, 475, 'E1064']"
460,28,11,"['S294', 3, 445, 505, 'E1053']"
499,30,"['B1282', -3, 535, 'E1053']"
529,30,10,"['S294', 2, 572, 634, 'E1092']"
569,28,"['B0986', -2, 662, 'E1092']"
597,28,9,"['S294', 6, 574, 635, 'E1071']"
634,29,"['B5756', -6, 664, 'E1071']"
663,23,12,"['A036', '0']"
164,0
new crir
new task..............,hasoto,1
385,"['A036', '0']"
385,7,"['S294', 2, 392, 455, 'E1089']"
392,27,"['B9191', -2, 482, 'E1089']"
419,27,9,"['S294', 2, 579, 639, 'E1081']"
455,30,"['B6827', -2, 669, 'E1081']"
485,30,9,"['S294', 2, 583, 643, 'E1054']"
524,30,"['B1282', -2, 673, 'E1054']"
554,25,9,"['A036', '0']"
165,0
new crir
new task..............,hasoto,0
0,"['A036', '0']"
0,2,"['B6685', '56']"
2,2,27,"['B2889', '36']"
31,1,23,"['B8918', '45']"
55,2,25,"['A036', '0']"
new task..............,hasoto,0
82,"['A036', '0']"
82,10,"['B8845', '19']"
92,1,18,"['B8962', '29']"
111,1,21,"['B4809', '39']"
133,9,24,"['A036', '0']"
new task..............,hasoto,1
166,"['A036', '0']"
166,7,"['B5975', '39']"
173,1,24,"['B4175', '31']"
198,2,22,"['B0153', '38']"
222,5,23,"['S294', '5', 211, 282, 'E1084']"
250,19,"['B7555', '-5', 301, 'E1084']"
269,16,12,"['S279', '2', 251, 338, 'E1020']"
297,3,"['B5295', '-2', 341, 'E1020']"
300,2,9,"['S294', '3', 275, 335, 'E1078']"
311,30,"['B6827', '-3', 365, 'E1078']"
341,25,10,"['S266', '2', 296, 383, 'E0980']"
376,3,"['B1506', '-2', 386, 'E0980']"
379,6,9,"['S294', '2', 339, 401, 'E1091']"
394,28,"['B0986', '-2', 429, 'E1091']"
422,28,9,"['S294', '2', 407, 475, 'E1056']"
459,22,"['B3209', '-2', 497, 'E1056']"
481,20,9,"['S279', '2', 485, 573, 'E1022']"
510,2,"['B8322', '-2', 575, 'E1022']"
512,1,9,"['S294', '4', 477, 536, 'E1073']"
522,31,"['B6390', '-4', 567, 'E1073']"
553,31,11,"['S294', '2', 538, 602, 'E1077']"
595,26,"['B6776', '-2', 628, 'E1077']"
621,20,9,"['S266', '2', 598, 684, 'E0984']"
650,4,"['B4474', '-2', 688, 'E0984']"
654,4,9,"['S285', '1', 585, 670, 'E1034']"
667,5,"['B7591', '-1', 675, 'E1034']"
672,6,8,"['S266', '2', 619, 701, 'E0982']"
686,8,"['B4145', '-2', 709, 'E0982']"
694,7,9,"['A036', '0']"
157,853
new crir
new task..............,hasoto,0
0,"['A036', '0']"
0,3,"['B3349', '55']"
3,1,27,"['B8251', '28']"
31,2,21,"['B7428', '28']"
54,4,21,"['A036', '0']"
new task..............,hasoto,0
79,"['A036', '0']"
79,3,"['B3015', '54']"
82,2,27,"['B5736', '45']"
111,2,25,"['A036', '0']"
new task..............,hasoto,0
138,"['A036', '0']"
138,9,"['B4336', '36']"
147,3,23,"['B1722', '78']"
173,8,31,"['A036', '0']"
new task..............,hasoto,1
212,"['A036', '0']"
212,4,"['B2950', '32']"
216,11,22,"['S294', '1', 215, 277, 'E1061']"
249,28,"['B4079', '-1', 305, 'E1061']"
277,28,8,"['S294', '2', 276, 340, 'E1067']"
313,26,"['B0425', '-2', 366, 'E1067']"
339,26,9,"['S294', '2', 321, 374, 'E1082']"
374,37,"['B7300', '-2', 411, 'E1082']"
411,27,9,"['B9167', '10']"
447,10,14,"['S294', '2', 413, 474, 'E1070']"
471,29,"['B5756', '-2', 503, 'E1070']"
500,29,9,"['S294', '2', 482, 542, 'E1057']"
538,30,"['B3314', '-2', 572, 'E1057']"
568,27,9,"['S279', '4', 561, 646, 'E1021']"
604,5,"['B6740', '-4', 651, 'E1021']"
609,2,11,"['B8684', '30']"
622,1,21,"['B5977', '20']"
644,1,18,"['B2405', '33']"
663,4,22,"['A036', '0']"
158,881
new crir
new task..............,hasoto,0
0,"['A036', '0']"
0,1,"['B3351', '43']"
1,1,25,"['B8642', '22']"
27,1,19,"['B1253', '46']"
47,3,25,"['A036', '0']"
new task..............,hasoto,0
75,"['A036', '0']"
75,6,"['B1554', '47']"
81,2,26,"['B6646', '60']"
109,6,28,"['A036', '0']"
new task..............,hasoto,1
143,"['A036', '0']"
143,1,"['B0888', '34']"
144,1,22,"['B5719', '46']"
167,1,25,"['B4967', '47']"
193,7,26,"['S294', '2', 217, 282, 'E1074']"
226,25,"['B6406', '-2', 307, 'E1074']"
251,25,9,"['S294', '2', 281, 349, 'E1060']"
285,22,"['B0005', '-2', 371, 'E1060']"
307,19,9,"['A036', '0']"
new task..............,hasoto,1
423,"['A036', '0']"
423,8,"['B7021', '42']"
431,10,24,"['S294', '4', 413, 472, 'E1072']"
465,31,"['B6390', '-4', 503, 'E1072']"
496,31,11,"['S294', '3', 483, 545, 'E1066']"
538,28,"['B4079', '-3', 573, 'E1066']"
566,28,10,"['S294', '1', 542, 604, 'E1076']"
604,28,"['B6442', '-1', 632, 'E1076']"
632,27,8,"['B7466', '25']"
667,7,20,"['A036', '0']"
159,1054
new crir
new task..............,hasoto,0
0,"['A036', '0']"
0,4,"['B6191', '39']"
4,1,24,"['B5991', '44']"
29,2,25,"['B5699', '37']"
56,3,23,"['A036', '0']"
new task..............,hasoto,0
82,"['A036', '0']"
82,4,"['B2512', '34']"
86,1,22,"['B4882', '85']"
109,4,33,"['A036', '0']"
new task..............,hasoto,0
146,"['A036', '0']"
146,5,"['B5090', '41']"
151,1,24,"['B1162', '87']"
176,4,33,"['A036', '0']"
new task..............,hasoto,0
213,"['A036', '0']"
213,7,"['B8948', '25']"
220,2,20,"['B8040', '46']"
242,1,25,"['B4280', '48']"
268,7,26,"['A036', '0']"
new task..............,hasoto,1
301,"['A036', '0']"
301,6,"['B8322', '49']"
307,1,26,"['B5295', '32']"
334,1,22,"['B2698', '51']"
357,7,26,"['S266', '3', 340, 426, 'E0985']"
390,4,"['B9167', '-3', 430, 'E0985']"
394,10,10,"['S294', '2', 353, 414, 'E1068']"
414,29,"['B5756', '-2', 443, 'E1068']"
443,29,9,"['S294', '2', 428, 481, 'E1083']"
481,37,"['B7300', '-2', 518, 'E1083']"
518,34,9,"['S286', '1', 502, 584, 'E1035']"
561,8,"['B3651', '-1', 592, 'E1035']"
569,4,8,"['S294', '1', 532, 592, 'E1059']"
581,30,"['B3314', '-1', 622, 'E1059']"
611,30,8,"['S294', '2', 601, 661, 'E1055']"
649,30,"['B1282', '-2', 691, 'E1055']"
679,25,9,"['A036', '0']"
160,943
new crir
new task..............,hasoto,0
0,"['A036', '0']"
0,3,"['B1506', '38']"
3,2,23,"['B6740', '42']"
28,1,24,"['B4474', '56']"
53,3,27,"['A036', '0']"
new task..............,hasoto,0
83,"['A036', '0']"
83,8,"['B1061', '21']"
91,2,19,"['B3853', '17']"
112,2,17,"['B4145', '24']"
131,1,20,"['B7765', '12']"
152,1,15,"['B0382', '46']"
168,6,25,"['A036', '0']"
new task..............,hasoto,0
199,"['A036', '0']"
199,5,"['B8255', '50']"
204,1,26,"['B5145', '47']"
231,6,26,"['A036', '0']"
new task..............,hasoto,1
263,"['A036', '0']"
263,3,"['B0045', '33']"
266,2,22,"['B3103', '44']"
290,2,25,"['B1826', '55']"
317,7,27,"['S294', '2', 351, 413, 'E1075']"
351,28,"['B6442', '-2', 441, 'E1075']"
379,28,9,"['S294', '1', 355, 416, 'E1085']"
416,29,"['B8393', '-1', 445, 'E1085']"
445,29,8,"['S294', '1', 433, 495, 'E1065']"
482,28,"['B4079', '-1', 523, 'E1065']"
510,28,8,"['S294', '1', 508, 577, 'E1088']"
546,21,"['B8926', '-1', 598, 'E1088']"
567,21,8,"['S294', '1', 551, 614, 'E1090']"
596,27,"['B9191', '-1', 641, 'E1090']"
623,21,8,"['A036', '0']"
161,853
new crir
new task..............,hasoto,0
0,"['A036', '0']"
0,8,"['B1199', '32']"
8,1,22,"['B3735', '65']"
31,1,29,"['B0656', '22']"
61,6,19,"['A036', '0']"
162,86
new crir
new task..............,hasoto,1
353,"['A036', '0']"
353,7,"['S294', 2, 360, 422, 'E1062']"
360,28,"['B4079', -2, 450, 'E1062']"
388,28,9,"['S294', 2, 365, 427, 'E1063']"
425,28,"['B4079', -2, 455, 'E1063']"
453,28,9,"['S294', 3, 434, 494, 'E1079']"
490,30,"['B6827', -3, 524, 'E1079']"
520,25,10,"['S266', 2, 570, 570, 'E0981']"
555,102,"['B3137', -2, 660, 'E0981']"
657,101,9,"['A036', '0']"
163,0
new crir
new task..............,hasoto,1
359,"['A036', '0']"
359,7,"['S294', 1, 366, 427, 'E1086']"
366,29,"['B8393', -1, 456, 'E1086']"
395,29,8,"['S294', 4, 385, 447, 'E1064']"
432,28,"['B4079', -4, 475, 'E1064']"
460,28,11,"['S294', 3, 445, 505, 'E1053']"
499,30,"['B1282', -3, 535, 'E1053']"
529,30,10,"['S294', 2, 572, 634, 'E1092']"
569,28,"['B0986', -2, 662, 'E1092']"
597,28,9,"['S294', 6, 574, 635, 'E1071']"
634,29,"['B5756', -6, 664, 'E1071']"
663,23,12,"['A036', '0']"
164,0
new crir
new task..............,hasoto,1
385,"['A036', '0']"
385,7,"['S294', 2, 392, 455, 'E1089']"
392,27,"['B9191', -2, 482, 'E1089']"
419,27,9,"['S294', 2, 579, 639, 'E1081']"
455,30,"['B6827', -2, 669, 'E1081']"
485,30,9,"['S294', 2, 583, 643, 'E1054']"
524,30,"['B1282', -2, 673, 'E1054']"
554,25,9,"['A036', '0']"
165,0
