new crir
new task..............,hasoto,0
0,"['A040', '0']"
0,4,"['B4727', '45']"
4,1,25,"['B9121', '28']"
30,1,21,"['B2535', '43']"
52,5,25,"['A040', '0']"
new task..............,hasoto,0
82,"['A040', '0']"
82,1,"['B5864', '44']"
83,1,25,"['B6247', '45']"
109,1,25,"['B0426', '38']"
135,3,23,"['A040', '0']"
new task..............,hasoto,1
161,"['A040', '0']"
161,4,"['B1916', '66']"
165,1,29,"['B2883', '57']"
195,3,28,"['S408', '1', 213, 300, 'E1546']"
226,3,"['B5387', '-1', 303, 'E1546']"
229,3,8,"['S408', '4', 225, 310, 'E1533']"
240,5,"['B3164', '-4', 315, 'E1533']"
245,8,11,"['S382', '3', 210, 297, 'E1400']"
264,3,"['B7032', '-3', 300, 'E1400']"
267,3,10,"['S382', '1', 211, 300, 'E1398']"
280,1,"['B4527', '-1', 301, 'E1398']"
281,1,8,"['S382', '1', 220, 308, 'E1395']"
290,2,"['B1276', '-1', 310, 'E1395']"
292,0,8,"['S378', '1', 232, 311, 'E1378']"
300,11,"['B7592', '-1', 322, 'E1378']"
311,13,8,"['S408', '2', 246, 333, 'E1547']"
332,3,"['B5387', '-2', 336, 'E1547']"
335,5,9,"['S411', '4', 303, 388, 'E1566']"
349,5,"['B5119', '-4', 393, 'E1566']"
354,10,11,"['S382', '1', 302, 391, 'E1399']"
375,1,"['B4527', '-1', 392, 'E1399']"
376,0,8,"['S391', '1', 331, 417, 'E1453']"
384,4,"['B6359', '-1', 421, 'E1453']"
388,2,8,"['A040', '0']"
new task..............,hasoto,1
549,"['A040', '0']"
549,6,"['B7925', '74']"
555,6,31,"['S408', '3', 506, 593, 'E1548']"
592,3,"['B5387', '-3', 596, 'E1548']"
595,3,10,"['S408', '3', 524, 609, 'E1535']"
608,5,"['B3164', '-3', 614, 'E1535']"
613,5,10,"['S408', '2', 543, 628, 'E1538']"
628,5,"['B3164', '-2', 633, 'E1538']"
633,5,9,"['S408', '2', 567, 652, 'E1539']"
647,5,"['B3164', '-2', 657, 'E1539']"
652,4,9,"['B0391', '24']"
665,5,20,"['S408', '2', 605, 692, 'E1544']"
690,3,"['B4988', '-2', 695, 'E1544']"
693,5,9,"['A040', '0']"
183,1240
new crir
new task..............,hasoto,0
0,"['A040', '0']"
0,3,"['B8381', '36']"
3,1,23,"['B2797', '49']"
27,1,26,"['B7957', '40']"
54,4,24,"['A040', '0']"
new task..............,hasoto,0
82,"['A040', '0']"
82,5,"['B1726', '50']"
87,3,26,"['B1815', '13']"
116,2,16,"['B7855', '22']"
134,2,19,"['B1031', '24']"
155,9,20,"['A040', '0']"
new task..............,hasoto,1
184,"['A040', '0']"
184,2,"['B4016', '43']"
186,1,25,"['B7997', '52']"
212,1,27,"['B2303', '33']"
240,2,22,"['S408', '4', 251, 337, 'E1551']"
264,4,"['B8170', '-4', 341, 'E1551']"
268,4,11,"['S408', '3', 243, 328, 'E1534']"
283,5,"['B3164', '-3', 333, 'E1534']"
288,5,10,"['S408', '4', 238, 324, 'E1550']"
303,4,"['B8170', '-4', 328, 'E1550']"
307,7,11,"['S382', '1', 256, 344, 'E1396']"
325,2,"['B1276', '-1', 346, 'E1396']"
327,4,8,"['S408', '4', 262, 345, 'E1540']"
339,7,"['B4726', '-4', 352, 'E1540']"
346,8,11,"['A040', '0']"
new task..............,hasoto,1
522,"['A040', '0']"
522,6,"['B0901', '18']"
528,7,18,"['S408', '3', 516, 606, 'E1558']"
553,0,"['B8381', '-3', 606, 'E1558']"
553,0,10,"['S408', '1', 509, 596, 'E1541']"
563,3,"['B0484', '-1', 599, 'E1541']"
566,5,8,"['S382', '6', 515, 602, 'E1397']"
579,3,"['B2797', '-6', 605, 'E1397']"
582,1,12,"['S408', '3', 509, 595, 'E1553']"
595,4,"['B8170', '-3', 599, 'E1553']"
599,4,10,"['S408', '1', 527, 613, 'E1554']"
613,4,"['B8170', '-1', 617, 'E1554']"
617,4,8,"['S408', '2', 543, 630, 'E1543']"
629,3,"['B4988', '-2', 633, 'E1543']"
632,3,9,"['S408', '2', 571, 657, 'E1557']"
644,4,"['B8170', '-2', 661, 'E1557']"
648,8,9,"['B6664', '75']"
665,2,31,"['B1335', '34']"
698,7,22,"['A040', '0']"
184,1232
new crir
new task..............,hasoto,0
0,"['A040', '0']"
0,4,"['B4527', '73']"
4,1,31,"['B8667', '25']"
36,1,20,"['B8124', '31']"
57,3,22,"['A040', '0']"
new task..............,hasoto,0
82,"['A040', '0']"
82,4,"['B5491', '46']"
86,1,25,"['B4613', '57']"
112,3,28,"['A040', '0']"
new task..............,hasoto,0
143,"['A040', '0']"
143,3,"['B4668', '57']"
146,1,28,"['B6359', '68']"
175,2,30,"['A040', '0']"
new task..............,hasoto,0
207,"['A040', '0']"
207,1,"['B8761', '38']"
208,1,23,"['B1239', '38']"
232,1,23,"['B5045', '44']"
256,2,25,"['A040', '0']"
new task..............,hasoto,0
283,"['A040', '0']"
283,1,"['B5408', '45']"
284,1,25,"['B0933', '57']"
310,3,28,"['A040', '0']"
new task..............,hasoto,0
341,"['A040', '0']"
341,4,"['B7447', '45']"
345,1,25,"['B7731', '43']"
371,5,25,"['A040', '0']"
new task..............,hasoto,1
401,"['A040', '0']"
401,2,"['B3622', '37']"
403,1,23,"['B5646', '42']"
427,1,24,"['B1276', '41']"
452,6,24,"['S411', '2', 444, 530, 'E1565']"
482,4,"['B2401', '-2', 534, 'E1565']"
486,0,9,"['A040', '0']"
185,880
new crir
new task..............,hasoto,0
0,"['A040', '0']"
0,3,"['B3578', '59']"
3,1,28,"['B0023', '45']"
32,3,25,"['A040', '0']"
new task..............,hasoto,0
60,"['A040', '0']"
60,4,"['B6261', '64']"
64,1,29,"['B3151', '47']"
94,5,26,"['A040', '0']"
new task..............,hasoto,0
125,"['A040', '0']"
125,0,"['B2401', '48']"
125,2,26,"['B9083', '46']"
153,1,25,"['B5871', '44']"
179,1,25,"['A040', '0']"
186,205
new crir
new task..............,hasoto,1
522,"['A040', '0']"
522,2,"['S408', 3, 524, 610, 'E1559']"
524,4,"['B9058', -3, 614, 'E1559']"
528,4,10,"['S408', 3, 529, 614, 'E1537']"
542,5,"['B3164', -3, 619, 'E1537']"
547,5,10,"['S408', 2, 531, 619, 'E1532']"
562,2,"['B1981', -2, 621, 'E1532']"
564,2,9,"['S408', 2, 546, 633, 'E1542']"
575,3,"['B0484', -2, 636, 'E1542']"
578,3,9,"['S408', 3, 567, 653, 'E1555']"
590,4,"['B8170', -3, 657, 'E1555']"
594,4,10,"['S408', 3, 570, 656, 'E1556']"
608,4,"['B8170', -3, 660, 'E1556']"
612,4,10,"['S408', 1, 572, 659, 'E1549']"
626,3,"['B5387', -1, 662, 'E1549']"
629,5,8,"['A040', '0']"
187,0
new crir
new task..............,hasoto,0
0,"['A040', '0']"
0,4,"['B4727', '45']"
4,1,25,"['B9121', '28']"
30,1,21,"['B2535', '43']"
52,5,25,"['A040', '0']"
new task..............,hasoto,0
82,"['A040', '0']"
82,1,"['B5864', '44']"
83,1,25,"['B6247', '45']"
109,1,25,"['B0426', '38']"
135,3,23,"['A040', '0']"
new task..............,hasoto,1
161,"['A040', '0']"
161,4,"['B1916', '66']"
165,1,29,"['B2883', '57']"
195,3,28,"['S408', '1', 213, 300, 'E1546']"
226,3,"['B5387', '-1', 303, 'E1546']"
229,3,8,"['S408', '4', 225, 310, 'E1533']"
240,5,"['B3164', '-4', 315, 'E1533']"
245,8,11,"['S382', '3', 210, 297, 'E1400']"
264,3,"['B7032', '-3', 300, 'E1400']"
267,3,10,"['S382', '1', 211, 300, 'E1398']"
280,1,"['B4527', '-1', 301, 'E1398']"
281,1,8,"['S382', '1', 220, 308, 'E1395']"
290,2,"['B1276', '-1', 310, 'E1395']"
292,0,8,"['S378', '1', 232, 311, 'E1378']"
300,11,"['B7592', '-1', 322, 'E1378']"
311,13,8,"['S408', '2', 246, 333, 'E1547']"
332,3,"['B5387', '-2', 336, 'E1547']"
335,5,9,"['S411', '4', 303, 388, 'E1566']"
349,5,"['B5119', '-4', 393, 'E1566']"
354,10,11,"['S382', '1', 302, 391, 'E1399']"
375,1,"['B4527', '-1', 392, 'E1399']"
376,0,8,"['S391', '1', 331, 417, 'E1453']"
384,4,"['B6359', '-1', 421, 'E1453']"
388,2,8,"['A040', '0']"
new task..............,hasoto,1
549,"['A040', '0']"
549,6,"['B7925', '74']"
555,6,31,"['S408', '3', 506, 593, 'E1548']"
592,3,"['B5387', '-3', 596, 'E1548']"
595,3,10,"['S408', '3', 524, 609, 'E1535']"
608,5,"['B3164', '-3', 614, 'E1535']"
613,5,10,"['S408', '2', 543, 628, 'E1538']"
628,5,"['B3164', '-2', 633, 'E1538']"
633,5,9,"['S408', '2', 567, 652, 'E1539']"
647,5,"['B3164', '-2', 657, 'E1539']"
652,4,9,"['B0391', '24']"
665,5,20,"['S408', '2', 605, 692, 'E1544']"
690,3,"['B4988', '-2', 695, 'E1544']"
693,5,9,"['A040', '0']"
183,1240
new crir
new task..............,hasoto,0
0,"['A040', '0']"
0,3,"['B8381', '36']"
3,1,23,"['B2797', '49']"
27,1,26,"['B7957', '40']"
54,4,24,"['A040', '0']"
new task..............,hasoto,0
82,"['A040', '0']"
82,5,"['B1726', '50']"
87,3,26,"['B1815', '13']"
116,2,16,"['B7855', '22']"
134,2,19,"['B1031', '24']"
155,9,20,"['A040', '0']"
new task..............,hasoto,1
184,"['A040', '0']"
184,2,"['B4016', '43']"
186,1,25,"['B7997', '52']"
212,1,27,"['B2303', '33']"
240,2,22,"['S408', '4', 251, 337, 'E1551']"
264,4,"['B8170', '-4', 341, 'E1551']"
268,4,11,"['S408', '3', 243, 328, 'E1534']"
283,5,"['B3164', '-3', 333, 'E1534']"
288,5,10,"['S408', '4', 238, 324, 'E1550']"
303,4,"['B8170', '-4', 328, 'E1550']"
307,7,11,"['S382', '1', 256, 344, 'E1396']"
325,2,"['B1276', '-1', 346, 'E1396']"
327,4,8,"['S408', '4', 262, 345, 'E1540']"
339,7,"['B4726', '-4', 352, 'E1540']"
346,8,11,"['A040', '0']"
new task..............,hasoto,1
522,"['A040', '0']"
522,6,"['B0901', '18']"
528,7,18,"['S408', '3', 516, 606, 'E1558']"
553,0,"['B8381', '-3', 606, 'E1558']"
553,0,10,"['S408', '1', 509, 596, 'E1541']"
563,3,"['B0484', '-1', 599, 'E1541']"
566,5,8,"['S382', '6', 515, 602, 'E1397']"
579,3,"['B2797', '-6', 605, 'E1397']"
582,1,12,"['S408', '3', 509, 595, 'E1553']"
595,4,"['B8170', '-3', 599, 'E1553']"
599,4,10,"['S408', '1', 527, 613, 'E1554']"
613,4,"['B8170', '-1', 617, 'E1554']"
617,4,8,"['S408', '2', 543, 630, 'E1543']"
629,3,"['B4988', '-2', 633, 'E1543']"
632,3,9,"['S408', '2', 571, 657, 'E1557']"
644,4,"['B8170', '-2', 661, 'E1557']"
648,8,9,"['B6664', '75']"
665,2,31,"['B1335', '34']"
698,7,22,"['A040', '0']"
184,1232
new crir
new task..............,hasoto,0
0,"['A040', '0']"
0,4,"['B4527', '73']"
4,1,31,"['B8667', '25']"
36,1,20,"['B8124', '31']"
57,3,22,"['A040', '0']"
new task..............,hasoto,0
82,"['A040', '0']"
82,4,"['B5491', '46']"
86,1,25,"['B4613', '57']"
112,3,28,"['A040', '0']"
new task..............,hasoto,0
143,"['A040', '0']"
143,3,"['B4668', '57']"
146,1,28,"['B6359', '68']"
175,2,30,"['A040', '0']"
new task..............,hasoto,0
207,"['A040', '0']"
207,1,"['B8761', '38']"
208,1,23,"['B1239', '38']"
232,1,23,"['B5045', '44']"
256,2,25,"['A040', '0']"
new task..............,hasoto,0
283,"['A040', '0']"
283,1,"['B5408', '45']"
284,1,25,"['B0933', '57']"
310,3,28,"['A040', '0']"
new task..............,hasoto,0
341,"['A040', '0']"
341,4,"['B7447', '45']"
345,1,25,"['B7731', '43']"
371,5,25,"['A040', '0']"
new task..............,hasoto,1
401,"['A040', '0']"
401,2,"['B3622', '37']"
403,1,23,"['B5646', '42']"
427,1,24,"['B1276', '41']"
452,6,24,"['S411', '2', 444, 530, 'E1565']"
482,4,"['B2401', '-2', 534, 'E1565']"
486,0,9,"['A040', '0']"
185,880
new crir
new task..............,hasoto,0
0,"['A040', '0']"
0,3,"['B3578', '59']"
3,1,28,"['B0023', '45']"
32,3,25,"['A040', '0']"
new task..............,hasoto,0
60,"['A040', '0']"
60,4,"['B6261', '64']"
64,1,29,"['B3151', '47']"
94,5,26,"['A040', '0']"
new task..............,hasoto,0
125,"['A040', '0']"
125,0,"['B2401', '48']"
125,2,26,"['B9083', '46']"
153,1,25,"['B5871', '44']"
179,1,25,"['A040', '0']"
186,205
new crir
new task..............,hasoto,1
522,"['A040', '0']"
522,2,"['S408', 3, 524, 610, 'E1559']"
524,4,"['B9058', -3, 614, 'E1559']"
528,4,10,"['S408', 3, 529, 614, 'E1537']"
542,5,"['B3164', -3, 619, 'E1537']"
547,5,10,"['S408', 2, 531, 619, 'E1532']"
562,2,"['B1981', -2, 621, 'E1532']"
564,2,9,"['S408', 2, 546, 633, 'E1542']"
575,3,"['B0484', -2, 636, 'E1542']"
578,3,9,"['S408', 3, 567, 653, 'E1555']"
590,4,"['B8170', -3, 657, 'E1555']"
594,4,10,"['S408', 3, 570, 656, 'E1556']"
608,4,"['B8170', -3, 660, 'E1556']"
612,4,10,"['S408', 1, 572, 659, 'E1549']"
626,3,"['B5387', -1, 662, 'E1549']"
629,5,8,"['A040', '0']"
187,0
