new crir
new task..............,hasoto,0
0,"['A041', '0']"
0,3,"['B4600', '29']"
3,1,21,"['B6858', '44']"
25,1,25,"['B0580', '43']"
51,2,25,"['A041', '0']"
new task..............,hasoto,0
78,"['A041', '0']"
78,6,"['B1583', '49']"
84,1,26,"['B6682', '68']"
111,5,30,"['A041', '0']"
new task..............,hasoto,1
146,"['A041', '0']"
146,3,"['B2754', '25']"
149,1,20,"['B6684', '39']"
170,1,24,"['B4367', '28']"
195,1,21,"['B8545', '25']"
217,9,20,"['S402', '2', 243, 332, 'E1511']"
246,1,"['B3400', '-2', 333, 'E1511']"
247,1,9,"['S402', '4', 235, 318, 'E1510']"
257,7,"['B1413', '-4', 325, 'E1510']"
264,7,11,"['S402', '7', 281, 362, 'E1514']"
282,9,"['B5419', '-7', 371, 'E1514']"
291,9,13,"['S402', '3', 287, 376, 'E1513']"
313,1,"['B3400', '-3', 377, 'E1513']"
314,1,10,"['S402', '2', 258, 347, 'E1512']"
325,1,"['B3400', '-2', 348, 'E1512']"
326,7,9,"['A041', '0']"
new task..............,hasoto,1
476,"['A041', '0']"
476,2,"['B3343', '84']"
478,6,32,"['S342', '1', 456, 539, 'E1225']"
516,7,"['B6858', '-1', 546, 'E1225']"
523,7,8,"['S350', '2', 516, 605, 'E1246']"
538,1,"['B7509', '-2', 606, 'E1246']"
539,3,9,"['S356', '1', 531, 619, 'E1259']"
551,2,"['B8115', '-1', 621, 'E1259']"
553,2,8,"['B0667', '44']"
563,8,25,"['S384', '2', 596, 685, 'E1405']"
596,1,"['B5759', '-2', 686, 'E1405']"
597,10,9,"['A041', '0']"
188,1066
new crir
new task..............,hasoto,0
0,"['A041', '0']"
0,11,"['B8455', '62']"
11,1,29,"['B5759', '46']"
41,10,25,"['A041', '0']"
new task..............,hasoto,0
76,"['A041', '0']"
76,5,"['B0333', '40']"
81,1,24,"['B3263', '64']"
106,2,29,"['B8115', '17']"
137,2,17,"['B3882', '19']"
156,3,18,"['A041', '0']"
new task..............,hasoto,0
177,"['A041', '0']"
177,0,"['B5296', '34']"
177,1,22,"['B5391', '55']"
200,2,27,"['A041', '0']"
new task..............,hasoto,0
229,"['A041', '0']"
229,7,"['B2808', '48']"
236,1,26,"['B0772', '51']"
263,2,26,"['B6603', '12']"
291,6,15,"['A041', '0']"
new task..............,hasoto,1
312,"['A041', '0']"
312,4,"['B2451', '42']"
316,1,24,"['B4776', '31']"
341,1,22,"['B7076', '42']"
364,11,24,"['S384', '2', 385, 469, 'E1406']"
399,6,"['B6925', '-2', 475, 'E1406']"
405,12,9,"['S402', '3', 382, 471, 'E1515']"
426,1,"['B5990', '-3', 472, 'E1515']"
427,8,10,"['A041', '0']"
189,727
new crir
new task..............,hasoto,0
0,"['A041', '0']"
0,3,"['B4600', '29']"
3,1,21,"['B6858', '44']"
25,1,25,"['B0580', '43']"
51,2,25,"['A041', '0']"
new task..............,hasoto,0
78,"['A041', '0']"
78,6,"['B1583', '49']"
84,1,26,"['B6682', '68']"
111,5,30,"['A041', '0']"
new task..............,hasoto,1
146,"['A041', '0']"
146,3,"['B2754', '25']"
149,1,20,"['B6684', '39']"
170,1,24,"['B4367', '28']"
195,1,21,"['B8545', '25']"
217,9,20,"['S402', '2', 243, 332, 'E1511']"
246,1,"['B3400', '-2', 333, 'E1511']"
247,1,9,"['S402', '4', 235, 318, 'E1510']"
257,7,"['B1413', '-4', 325, 'E1510']"
264,7,11,"['S402', '7', 281, 362, 'E1514']"
282,9,"['B5419', '-7', 371, 'E1514']"
291,9,13,"['S402', '3', 287, 376, 'E1513']"
313,1,"['B3400', '-3', 377, 'E1513']"
314,1,10,"['S402', '2', 258, 347, 'E1512']"
325,1,"['B3400', '-2', 348, 'E1512']"
326,7,9,"['A041', '0']"
new task..............,hasoto,1
476,"['A041', '0']"
476,2,"['B3343', '84']"
478,6,32,"['S342', '1', 456, 539, 'E1225']"
516,7,"['B6858', '-1', 546, 'E1225']"
523,7,8,"['S350', '2', 516, 605, 'E1246']"
538,1,"['B7509', '-2', 606, 'E1246']"
539,3,9,"['S356', '1', 531, 619, 'E1259']"
551,2,"['B8115', '-1', 621, 'E1259']"
553,2,8,"['B0667', '44']"
563,8,25,"['S384', '2', 596, 685, 'E1405']"
596,1,"['B5759', '-2', 686, 'E1405']"
597,10,9,"['A041', '0']"
188,1066
new crir
new task..............,hasoto,0
0,"['A041', '0']"
0,11,"['B8455', '62']"
11,1,29,"['B5759', '46']"
41,10,25,"['A041', '0']"
new task..............,hasoto,0
76,"['A041', '0']"
76,5,"['B0333', '40']"
81,1,24,"['B3263', '64']"
106,2,29,"['B8115', '17']"
137,2,17,"['B3882', '19']"
156,3,18,"['A041', '0']"
new task..............,hasoto,0
177,"['A041', '0']"
177,0,"['B5296', '34']"
177,1,22,"['B5391', '55']"
200,2,27,"['A041', '0']"
new task..............,hasoto,0
229,"['A041', '0']"
229,7,"['B2808', '48']"
236,1,26,"['B0772', '51']"
263,2,26,"['B6603', '12']"
291,6,15,"['A041', '0']"
new task..............,hasoto,1
312,"['A041', '0']"
312,4,"['B2451', '42']"
316,1,24,"['B4776', '31']"
341,1,22,"['B7076', '42']"
364,11,24,"['S384', '2', 385, 469, 'E1406']"
399,6,"['B6925', '-2', 475, 'E1406']"
405,12,9,"['S402', '3', 382, 471, 'E1515']"
426,1,"['B5990', '-3', 472, 'E1515']"
427,8,10,"['A041', '0']"
189,727
