new crir
new task..............,hasoto,0
0,"['A042', '0']"
0,1,"['B0463', '17']"
1,1,17,"['B2677', '57']"
19,4,28,"['B1975', '6']"
51,4,12,"['B1942', '4']"
67,2,11,"['B3107', '15']"
80,3,17,"['B9185', '4']"
100,2,11,"['B2901', '14']"
113,2,16,"['B4990', '6']"
131,9,12,"['B5968', '12']"
152,2,15,"['B7435', '4']"
169,2,11,"['A042', '0']"
new task..............,hasoto,1
182,"['A042', '0']"
182,3,"['B2442', '60']"
185,1,28,"['B7335', '40']"
214,9,24,"['S418', '1', 236, 324, 'E1605']"
247,2,"['B5947', '-1', 326, 'E1605']"
249,2,8,"['S418', '1', 257, 340, 'E1606']"
259,7,"['B6709', '-1', 347, 'E1606']"
266,4,8,"['S445', '3', 247, 333, 'E1694']"
278,4,"['B6709', '-3', 337, 'E1694']"
282,3,10,"['S438', '1', 275, 362, 'E1677']"
295,3,"['B6704', '-1', 365, 'E1677']"
298,4,8,"['S418', '1', 295, 383, 'E1607']"
310,2,"['B8726', '-1', 385, 'E1607']"
312,10,8,"['A042', '0']"
new task..............,hasoto,1
499,"['A042', '0']"
499,5,"['B3176', '40']"
504,2,24,"['B4848', '39']"
530,5,24,"['S418', '1', 546, 632, 'E1602']"
559,4,"['B0168', '-1', 636, 'E1602']"
563,6,8,"['B5007', '48']"
577,7,26,"['S418', '1', 592, 676, 'E1603']"
610,6,"['B2944', '-1', 682, 'E1603']"
616,12,8,"['A042', '0']"
190,1106
new crir
new task..............,hasoto,0
0,"['A042', '0']"
0,2,"['B4297', '59']"
2,1,28,"['B3088', '65']"
31,3,29,"['B8821', '7']"
63,2,13,"['A042', '0']"
new task..............,hasoto,0
78,"['A042', '0']"
78,9,"['B0687', '55']"
87,1,27,"['B6897', '47']"
115,8,26,"['A042', '0']"
new task..............,hasoto,0
149,"['A042', '0']"
149,8,"['B1137', '14']"
157,3,16,"['B8312', '13']"
176,6,16,"['B0532', '26']"
198,3,20,"['B1962', '58']"
221,3,28,"['B5575', '8']"
252,1,13,"['B2870', '10']"
266,2,14,"['B8900', '9']"
282,10,14,"['A042', '0']"
new task..............,hasoto,1
306,"['A042', '0']"
306,5,"['B2201', '59']"
311,8,28,"['S418', '1', 345, 430, 'E1604']"
347,5,"['B5653', '-1', 435, 'E1604']"
352,3,8,"['B6065', '45']"
363,4,25,"['A042', '0']"
191,676
new crir
new task..............,hasoto,0
0,"['A042', '0']"
0,1,"['B0463', '17']"
1,1,17,"['B2677', '57']"
19,4,28,"['B1975', '6']"
51,4,12,"['B1942', '4']"
67,2,11,"['B3107', '15']"
80,3,17,"['B9185', '4']"
100,2,11,"['B2901', '14']"
113,2,16,"['B4990', '6']"
131,9,12,"['B5968', '12']"
152,2,15,"['B7435', '4']"
169,2,11,"['A042', '0']"
new task..............,hasoto,1
182,"['A042', '0']"
182,3,"['B2442', '60']"
185,1,28,"['B7335', '40']"
214,9,24,"['S418', '1', 236, 324, 'E1605']"
247,2,"['B5947', '-1', 326, 'E1605']"
249,2,8,"['S418', '1', 257, 340, 'E1606']"
259,7,"['B6709', '-1', 347, 'E1606']"
266,4,8,"['S445', '3', 247, 333, 'E1694']"
278,4,"['B6709', '-3', 337, 'E1694']"
282,3,10,"['S438', '1', 275, 362, 'E1677']"
295,3,"['B6704', '-1', 365, 'E1677']"
298,4,8,"['S418', '1', 295, 383, 'E1607']"
310,2,"['B8726', '-1', 385, 'E1607']"
312,10,8,"['A042', '0']"
new task..............,hasoto,1
499,"['A042', '0']"
499,5,"['B3176', '40']"
504,2,24,"['B4848', '39']"
530,5,24,"['S418', '1', 546, 632, 'E1602']"
559,4,"['B0168', '-1', 636, 'E1602']"
563,6,8,"['B5007', '48']"
577,7,26,"['S418', '1', 592, 676, 'E1603']"
610,6,"['B2944', '-1', 682, 'E1603']"
616,12,8,"['A042', '0']"
190,1106
new crir
new task..............,hasoto,0
0,"['A042', '0']"
0,2,"['B4297', '59']"
2,1,28,"['B3088', '65']"
31,3,29,"['B8821', '7']"
63,2,13,"['A042', '0']"
new task..............,hasoto,0
78,"['A042', '0']"
78,9,"['B0687', '55']"
87,1,27,"['B6897', '47']"
115,8,26,"['A042', '0']"
new task..............,hasoto,0
149,"['A042', '0']"
149,8,"['B1137', '14']"
157,3,16,"['B8312', '13']"
176,6,16,"['B0532', '26']"
198,3,20,"['B1962', '58']"
221,3,28,"['B5575', '8']"
252,1,13,"['B2870', '10']"
266,2,14,"['B8900', '9']"
282,10,14,"['A042', '0']"
new task..............,hasoto,1
306,"['A042', '0']"
306,5,"['B2201', '59']"
311,8,28,"['S418', '1', 345, 430, 'E1604']"
347,5,"['B5653', '-1', 435, 'E1604']"
352,3,8,"['B6065', '45']"
363,4,25,"['A042', '0']"
191,676
