new crir
new task..............,hasoto,0
0,"['A043', '0']"
0,9,"['B8208', '37']"
9,1,23,"['B7630', '67']"
33,10,30,"['A043', '0']"
new task..............,hasoto,0
73,"['A043', '0']"
73,3,"['B7442', '21']"
76,1,19,"['B2603', '38']"
96,1,23,"['B4256', '41']"
120,2,24,"['B6829', '20']"
146,3,18,"['A043', '0']"
new task..............,hasoto,1
167,"['A043', '0']"
167,6,"['B9094', '51']"
173,1,26,"['B1729', '58']"
200,7,28,"['S220', '3', 224, 312, 'E0681']"
235,2,"['B2181', '-3', 314, 'E0681']"
237,2,10,"['S218', '2', 242, 328, 'E0677']"
249,4,"['B7783', '-2', 332, 'E0677']"
253,4,9,"['S218', '3', 259, 343, 'E0669']"
266,6,"['B2766', '-3', 349, 'E0669']"
272,6,10,"['S218', '2', 237, 325, 'E0668']"
288,2,"['B2181', '-2', 327, 'E0668']"
290,2,9,"['S218', '2', 224, 309, 'E0672']"
301,5,"['B2773', '-2', 314, 'E0672']"
306,5,9,"['S218', '2', 298, 382, 'E0666']"
320,6,"['B1710', '-2', 388, 'E0666']"
326,6,9,"['S218', '3', 285, 373, 'E0678']"
341,2,"['B8137', '-3', 375, 'E0678']"
343,2,10,"['S218', '3', 287, 374, 'E0667']"
355,3,"['B2167', '-3', 377, 'E0667']"
358,3,10,"['S218', '2', 288, 373, 'E0676']"
371,5,"['B6850', '-2', 378, 'E0676']"
376,5,9,"['S218', '2', 357, 443, 'E0679']"
390,4,"['B8391', '-2', 447, 'E0679']"
394,4,9,"['S218', '1', 349, 438, 'E0665']"
407,1,"['B1060', '-1', 439, 'E0665']"
408,4,8,"['S186', '3', 420, 504, 'E0528']"
420,6,"['B3313', '-3', 510, 'E0528']"
426,9,10,"['A043', '0']"
new task..............,hasoto,1
585,"['A043', '0']"
585,4,"['B4744', '46']"
589,7,25,"['S186', '2', 533, 622, 'E0530']"
621,1,"['B5765', '-2', 623, 'E0530']"
622,1,9,"['S186', '2', 547, 635, 'E0531']"
632,2,"['B6264', '-2', 637, 'E0531']"
634,4,9,"['S218', '3', 593, 679, 'E0675']"
647,4,"['B0053', '-3', 683, 'E0675']"
651,5,10,"['S270', '2', 597, 682, 'E0989']"
666,5,"['B6429', '-2', 687, 'E0989']"
671,10,9,"['B2473', '66']"
690,2,29,"['A043', '0']"
192,1280
new crir
new task..............,hasoto,0
0,"['A043', '0']"
0,4,"['B2773', '57']"
4,1,28,"['B0386', '58']"
33,2,28,"['A043', '0']"
new task..............,hasoto,0
63,"['A043', '0']"
63,6,"['B5337', '34']"
69,1,22,"['B6205', '39']"
92,1,24,"['B0996', '51']"
117,8,26,"['A043', '0']"
new task..............,hasoto,0
151,"['A043', '0']"
151,1,"['B2181', '49']"
152,1,26,"['B3003', '35']"
179,1,23,"['B0161', '44']"
203,2,25,"['A043', '0']"
new task..............,hasoto,0
230,"['A043', '0']"
230,10,"['B2941', '49']"
240,1,26,"['B4442', '41']"
267,1,24,"['B2166', '42']"
292,9,24,"['A043', '0']"
new task..............,hasoto,0
325,"['A043', '0']"
325,4,"['B7416', '59']"
329,1,28,"['B5765', '44']"
358,5,25,"['A043', '0']"
new task..............,hasoto,1
388,"['A043', '0']"
388,6,"['B4575', '49']"
394,1,26,"['B4797', '33']"
421,1,22,"['B8297', '26']"
444,8,20,"['S218', '1', 467, 553, 'E0673']"
472,4,"['B4139', '-1', 557, 'E0673']"
476,4,8,"['S218', '1', 447, 534, 'E0674']"
488,3,"['B4744', '-1', 537, 'E0674']"
491,3,8,"['S218', '3', 462, 546, 'E0670']"
502,6,"['B2766', '-3', 552, 'E0670']"
508,5,10,"['A043', '0']"
193,895
new crir
new task..............,hasoto,0
0,"['A043', '0']"
0,9,"['B3313', '50']"
9,1,26,"['B6589', '33']"
36,3,22,"['B5488', '56']"
61,8,27,"['A043', '0']"
new task..............,hasoto,0
96,"['A043', '0']"
96,6,"['B3589', '46']"
102,2,25,"['B5569', '52']"
129,4,27,"['A043', '0']"
new task..............,hasoto,0
160,"['A043', '0']"
160,3,"['B7276', '49']"
163,1,26,"['B7832', '52']"
190,1,27,"['B8039', '27']"
218,1,21,"['A043', '0']"
new task..............,hasoto,0
240,"['A043', '0']"
240,10,"['B6854', '17']"
250,2,17,"['B2898', '61']"
269,1,28,"['B7560', '45']"
298,8,25,"['A043', '0']"
new task..............,hasoto,0
331,"['A043', '0']"
331,4,"['B6850', '44']"
335,2,25,"['B5516', '36']"
362,2,23,"['B6264', '37']"
387,3,23,"['A043', '0']"
new task..............,hasoto,0
413,"['A043', '0']"
413,8,"['B0505', '32']"
421,1,22,"['B5059', '24']"
444,2,20,"['B2766', '73']"
466,5,31,"['A043', '0']"
new task..............,hasoto,0
502,"['A043', '0']"
502,7,"['B7829', '55']"
509,1,27,"['B3157', '32']"
537,1,22,"['B7472', '38']"
560,5,23,"['A043', '0']"
new task..............,hasoto,1
588,"['A043', '0']"
588,7,"['B5836', '39']"
595,1,24,"['B7988', '26']"
620,1,20,"['B5117', '44']"
641,6,25,"['S186', '1', 628, 714, 'E0527']"
672,4,"['B1836', '-1', 718, 'E0527']"
676,5,8,"['A043', '0']"
194,1260
new crir
new task..............,hasoto,0
0,"['A043', '0']"
0,9,"['B8208', '37']"
9,1,23,"['B7630', '67']"
33,10,30,"['A043', '0']"
new task..............,hasoto,0
73,"['A043', '0']"
73,3,"['B7442', '21']"
76,1,19,"['B2603', '38']"
96,1,23,"['B4256', '41']"
120,2,24,"['B6829', '20']"
146,3,18,"['A043', '0']"
new task..............,hasoto,1
167,"['A043', '0']"
167,6,"['B9094', '51']"
173,1,26,"['B1729', '58']"
200,7,28,"['S220', '3', 224, 312, 'E0681']"
235,2,"['B2181', '-3', 314, 'E0681']"
237,2,10,"['S218', '2', 242, 328, 'E0677']"
249,4,"['B7783', '-2', 332, 'E0677']"
253,4,9,"['S218', '3', 259, 343, 'E0669']"
266,6,"['B2766', '-3', 349, 'E0669']"
272,6,10,"['S218', '2', 237, 325, 'E0668']"
288,2,"['B2181', '-2', 327, 'E0668']"
290,2,9,"['S218', '2', 224, 309, 'E0672']"
301,5,"['B2773', '-2', 314, 'E0672']"
306,5,9,"['S218', '2', 298, 382, 'E0666']"
320,6,"['B1710', '-2', 388, 'E0666']"
326,6,9,"['S218', '3', 285, 373, 'E0678']"
341,2,"['B8137', '-3', 375, 'E0678']"
343,2,10,"['S218', '3', 287, 374, 'E0667']"
355,3,"['B2167', '-3', 377, 'E0667']"
358,3,10,"['S218', '2', 288, 373, 'E0676']"
371,5,"['B6850', '-2', 378, 'E0676']"
376,5,9,"['S218', '2', 357, 443, 'E0679']"
390,4,"['B8391', '-2', 447, 'E0679']"
394,4,9,"['S218', '1', 349, 438, 'E0665']"
407,1,"['B1060', '-1', 439, 'E0665']"
408,4,8,"['S186', '3', 420, 504, 'E0528']"
420,6,"['B3313', '-3', 510, 'E0528']"
426,9,10,"['A043', '0']"
new task..............,hasoto,1
585,"['A043', '0']"
585,4,"['B4744', '46']"
589,7,25,"['S186', '2', 533, 622, 'E0530']"
621,1,"['B5765', '-2', 623, 'E0530']"
622,1,9,"['S186', '2', 547, 635, 'E0531']"
632,2,"['B6264', '-2', 637, 'E0531']"
634,4,9,"['S218', '3', 593, 679, 'E0675']"
647,4,"['B0053', '-3', 683, 'E0675']"
651,5,10,"['S270', '2', 597, 682, 'E0989']"
666,5,"['B6429', '-2', 687, 'E0989']"
671,10,9,"['B2473', '66']"
690,2,29,"['A043', '0']"
192,1280
new crir
new task..............,hasoto,0
0,"['A043', '0']"
0,4,"['B2773', '57']"
4,1,28,"['B0386', '58']"
33,2,28,"['A043', '0']"
new task..............,hasoto,0
63,"['A043', '0']"
63,6,"['B5337', '34']"
69,1,22,"['B6205', '39']"
92,1,24,"['B0996', '51']"
117,8,26,"['A043', '0']"
new task..............,hasoto,0
151,"['A043', '0']"
151,1,"['B2181', '49']"
152,1,26,"['B3003', '35']"
179,1,23,"['B0161', '44']"
203,2,25,"['A043', '0']"
new task..............,hasoto,0
230,"['A043', '0']"
230,10,"['B2941', '49']"
240,1,26,"['B4442', '41']"
267,1,24,"['B2166', '42']"
292,9,24,"['A043', '0']"
new task..............,hasoto,0
325,"['A043', '0']"
325,4,"['B7416', '59']"
329,1,28,"['B5765', '44']"
358,5,25,"['A043', '0']"
new task..............,hasoto,1
388,"['A043', '0']"
388,6,"['B4575', '49']"
394,1,26,"['B4797', '33']"
421,1,22,"['B8297', '26']"
444,8,20,"['S218', '1', 467, 553, 'E0673']"
472,4,"['B4139', '-1', 557, 'E0673']"
476,4,8,"['S218', '1', 447, 534, 'E0674']"
488,3,"['B4744', '-1', 537, 'E0674']"
491,3,8,"['S218', '3', 462, 546, 'E0670']"
502,6,"['B2766', '-3', 552, 'E0670']"
508,5,10,"['A043', '0']"
193,895
new crir
new task..............,hasoto,0
0,"['A043', '0']"
0,9,"['B3313', '50']"
9,1,26,"['B6589', '33']"
36,3,22,"['B5488', '56']"
61,8,27,"['A043', '0']"
new task..............,hasoto,0
96,"['A043', '0']"
96,6,"['B3589', '46']"
102,2,25,"['B5569', '52']"
129,4,27,"['A043', '0']"
new task..............,hasoto,0
160,"['A043', '0']"
160,3,"['B7276', '49']"
163,1,26,"['B7832', '52']"
190,1,27,"['B8039', '27']"
218,1,21,"['A043', '0']"
new task..............,hasoto,0
240,"['A043', '0']"
240,10,"['B6854', '17']"
250,2,17,"['B2898', '61']"
269,1,28,"['B7560', '45']"
298,8,25,"['A043', '0']"
new task..............,hasoto,0
331,"['A043', '0']"
331,4,"['B6850', '44']"
335,2,25,"['B5516', '36']"
362,2,23,"['B6264', '37']"
387,3,23,"['A043', '0']"
new task..............,hasoto,0
413,"['A043', '0']"
413,8,"['B0505', '32']"
421,1,22,"['B5059', '24']"
444,2,20,"['B2766', '73']"
466,5,31,"['A043', '0']"
new task..............,hasoto,0
502,"['A043', '0']"
502,7,"['B7829', '55']"
509,1,27,"['B3157', '32']"
537,1,22,"['B7472', '38']"
560,5,23,"['A043', '0']"
new task..............,hasoto,1
588,"['A043', '0']"
588,7,"['B5836', '39']"
595,1,24,"['B7988', '26']"
620,1,20,"['B5117', '44']"
641,6,25,"['S186', '1', 628, 714, 'E0527']"
672,4,"['B1836', '-1', 718, 'E0527']"
676,5,8,"['A043', '0']"
194,1260
