new crir
new task..............,hasoto,0
0,"['A053', '0']"
0,4,"['B2502', '14']"
4,5,16,"['B6011', '9']"
25,3,14,"['B0126', '6']"
42,4,12,"['B2144', '10']"
58,4,14,"['B5536', '8']"
76,3,13,"['B5015', '9']"
92,3,14,"['B4617', '1']"
109,3,8,"['B3967', '5']"
120,7,12,"['B7389', '9']"
139,5,14,"['B6498', '12']"
158,3,15,"['B2622', '21']"
176,4,19,"['B5386', '17']"
199,2,17,"['B1064', '10']"
218,9,14,"['A053', '0']"
new task..............,hasoto,1
241,"['A054', '0']"
241,8,"['B3223', '42']"
249,6,24,"['S303', '1', 230, 310, 'E1129']"
279,10,"['B0360', '-1', 320, 'E1129']"
289,3,8,"['S341', '4', 223, 310, 'E1219']"
300,3,"['B1240', '-4', 313, 'E1219']"
303,3,11,"['S341', '2', 274, 362, 'E1220']"
317,2,"['B4243', '-2', 364, 'E1220']"
319,13,9,"['S303', '6', 265, 351, 'E1130']"
341,4,"['B4145', '-6', 355, 'E1130']"
345,16,12,"['S341', '2', 361, 449, 'E1222']"
373,2,"['B4243', '-2', 451, 'E1222']"
375,2,9,"['S341', '1', 303, 391, 'E1221']"
386,2,"['B4243', '-1', 393, 'E1221']"
388,11,8,"['S322', '2', 360, 431, 'E1168']"
407,19,"['B3590', '-2', 450, 'E1168']"
426,13,9,"['S338', '1', 421, 503, 'E1206']"
448,8,"['B3734', '-1', 511, 'E1206']"
456,14,8,"['B6868', '36']"
478,1,23,"['B7984', '40']"
502,13,24,"['S341', '2', 539, 627, 'E1223']"
539,2,"['B4243', '-2', 629, 'E1223']"
541,6,9,"['A054', '0']"
222,775
new crir
new task..............,hasoto,0
0,"['A054', '0']"
0,2,"['B6587', '24']"
2,2,20,"['B7186', '44']"
24,2,25,"['B1505', '40']"
51,2,24,"['B8618', '14']"
77,1,16,"['A054', '0']"
new task..............,hasoto,0
94,"['A054', '0']"
94,4,"['B6747', '30']"
98,2,21,"['B4027', '37']"
121,1,23,"['B1798', '22']"
145,3,19,"['B3168', '33']"
167,5,22,"['A054', '0']"
new task..............,hasoto,1
194,"['A054', '0']"
194,1,"['B4023', '24']"
195,1,20,"['B8880', '28']"
216,7,21,"['S322', '2', 242, 323, 'E1167']"
244,9,"['B3257', '-2', 332, 'E1167']"
253,1,9,"['B4237', '50']"
263,2,26,"['S341', '2', 283, 371, 'E1224']"
291,2,"['B4772', '-2', 373, 'E1224']"
293,7,9,"['B6304', '24']"
309,3,20,"['A054', '0']"
223,510
new crir
new task..............,hasoto,0
0,"['A053', '0']"
0,4,"['B2502', '14']"
4,5,16,"['B6011', '9']"
25,3,14,"['B0126', '6']"
42,4,12,"['B2144', '10']"
58,4,14,"['B5536', '8']"
76,3,13,"['B5015', '9']"
92,3,14,"['B4617', '1']"
109,3,8,"['B3967', '5']"
120,7,12,"['B7389', '9']"
139,5,14,"['B6498', '12']"
158,3,15,"['B2622', '21']"
176,4,19,"['B5386', '17']"
199,2,17,"['B1064', '10']"
218,9,14,"['A053', '0']"
new task..............,hasoto,1
241,"['A054', '0']"
241,8,"['B3223', '42']"
249,6,24,"['S303', '1', 230, 310, 'E1129']"
279,10,"['B0360', '-1', 320, 'E1129']"
289,3,8,"['S341', '4', 223, 310, 'E1219']"
300,3,"['B1240', '-4', 313, 'E1219']"
303,3,11,"['S341', '2', 274, 362, 'E1220']"
317,2,"['B4243', '-2', 364, 'E1220']"
319,13,9,"['S303', '6', 265, 351, 'E1130']"
341,4,"['B4145', '-6', 355, 'E1130']"
345,16,12,"['S341', '2', 361, 449, 'E1222']"
373,2,"['B4243', '-2', 451, 'E1222']"
375,2,9,"['S341', '1', 303, 391, 'E1221']"
386,2,"['B4243', '-1', 393, 'E1221']"
388,11,8,"['S322', '2', 360, 431, 'E1168']"
407,19,"['B3590', '-2', 450, 'E1168']"
426,13,9,"['S338', '1', 421, 503, 'E1206']"
448,8,"['B3734', '-1', 511, 'E1206']"
456,14,8,"['B6868', '36']"
478,1,23,"['B7984', '40']"
502,13,24,"['S341', '2', 539, 627, 'E1223']"
539,2,"['B4243', '-2', 629, 'E1223']"
541,6,9,"['A054', '0']"
222,775
new crir
new task..............,hasoto,0
0,"['A054', '0']"
0,2,"['B6587', '24']"
2,2,20,"['B7186', '44']"
24,2,25,"['B1505', '40']"
51,2,24,"['B8618', '14']"
77,1,16,"['A054', '0']"
new task..............,hasoto,0
94,"['A054', '0']"
94,4,"['B6747', '30']"
98,2,21,"['B4027', '37']"
121,1,23,"['B1798', '22']"
145,3,19,"['B3168', '33']"
167,5,22,"['A054', '0']"
new task..............,hasoto,1
194,"['A054', '0']"
194,1,"['B4023', '24']"
195,1,20,"['B8880', '28']"
216,7,21,"['S322', '2', 242, 323, 'E1167']"
244,9,"['B3257', '-2', 332, 'E1167']"
253,1,9,"['B4237', '50']"
263,2,26,"['S341', '2', 283, 371, 'E1224']"
291,2,"['B4772', '-2', 373, 'E1224']"
293,7,9,"['B6304', '24']"
309,3,20,"['A054', '0']"
223,510
