new crir
new task..............,hasoto,0
0,"['A057', '0']"
0,5,"['B0338', '56']"
5,2,27,"['B4370', '61']"
34,4,28,"['A057', '0']"
new task..............,hasoto,0
66,"['A057', '0']"
66,1,"['B1450', '39']"
67,1,24,"['B1668', '38']"
92,2,23,"['B2336', '46']"
117,2,25,"['A057', '0']"
new task..............,hasoto,0
144,"['A057', '0']"
144,3,"['B0484', '37']"
147,1,23,"['B4988', '44']"
171,4,25,"['A057', '0']"
new task..............,hasoto,1
200,"['A057', '0']"
200,5,"['B6043', '44']"
205,1,25,"['B2101', '51']"
231,1,26,"['B5233', '28']"
258,4,21,"['S432', '1', 211, 299, 'E1654']"
283,2,"['B9058', '-1', 301, 'E1654']"
285,4,8,"['S392', '2', 217, 298, 'E1455']"
297,9,"['B7187', '-2', 307, 'E1455']"
306,8,9,"['S398', '3', 314, 402, 'E1487']"
323,2,"['B2339', '-3', 404, 'E1487']"
325,2,10,"['S398', '4', 250, 338, 'E1486']"
337,2,"['B2339', '-4', 340, 'E1486']"
339,2,11,"['S393', '4', 318, 405, 'E1456']"
352,3,"['B0829', '-4', 408, 'E1456']"
355,3,11,"['S397', '1', 344, 432, 'E1485']"
369,2,"['B8825', '-1', 434, 'E1485']"
371,2,8,"['S398', '2', 371, 460, 'E1488']"
381,1,"['B4715', '-2', 461, 'E1488']"
382,6,9,"['A057', '0']"
new task..............,hasoto,1
582,"['A057', '0']"
582,2,"['B6641', '37']"
584,3,23,"['S432', '1', 560, 648, 'E1653']"
610,2,"['B4835', '-1', 650, 'E1653']"
612,3,8,"['B8825', '25']"
623,1,20,"['S409', '1', 567, 655, 'E1563']"
644,2,"['B4370', '-1', 657, 'E1563']"
646,1,8,"['B3787', '46']"
655,4,25,"['S432', '1', 627, 716, 'E1652']"
684,1,"['B3707', '-1', 717, 'E1652']"
685,2,8,"['A057', '0']"
230,1265
new crir
new task..............,hasoto,0
0,"['A057', '0']"
0,7,"['B2425', '30']"
7,2,21,"['B7187', '25']"
30,2,20,"['B8870', '48']"
52,1,26,"['B4415', '19']"
79,7,18,"['A057', '0']"
new task..............,hasoto,0
104,"['A057', '0']"
104,4,"['B7674', '6']"
108,5,12,"['B5799', '38']"
125,2,23,"['B2395', '45']"
150,1,25,"['B7419', '29']"
176,6,21,"['A057', '0']"
new task..............,hasoto,0
203,"['A057', '0']"
203,4,"['B5616', '37']"
207,1,23,"['B1283', '58']"
231,1,28,"['B9058', '38']"
260,2,23,"['A057', '0']"
new task..............,hasoto,0
285,"['A057', '0']"
285,3,"['B8170', '56']"
288,2,27,"['B3707', '83']"
317,2,32,"['A057', '0']"
new task..............,hasoto,0
351,"['A057', '0']"
351,3,"['B4905', '65']"
354,1,29,"['B5522', '47']"
384,2,26,"['A057', '0']"
new task..............,hasoto,1
412,"['A057', '0']"
412,4,"['B3164', '36']"
416,1,23,"['B7297', '68']"
440,9,30,"['S409', '2', 443, 533, 'E1562']"
479,0,"['B0338', '-2', 533, 'E1562']"
479,0,9,"['S409', '2', 445, 534, 'E1560']"
488,1,"['B2101', '-2', 535, 'E1560']"
489,4,9,"['A057', '0']"
231,905
new crir
new task..............,hasoto,0
0,"['A057', '0']"
0,0,"['B6930', '49']"
0,3,26,"['B0177', '38']"
29,2,23,"['B4835', '47']"
54,1,26,"['A057', '0']"
new task..............,hasoto,0
81,"['A057', '0']"
81,5,"['B1981', '69']"
86,1,30,"['B5387', '49']"
117,5,26,"['A057', '0']"
232,148
new crir
new task..............,hasoto,1
568,"['A057', '0']"
568,5,"['S392', 3, 573, 654, 'E1454']"
573,9,"['B2883', -3, 663, 'E1454']"
582,6,10,"['A057', '0']"
233,0
new crir
new task..............,hasoto,0
0,"['A057', '0']"
0,5,"['B0338', '56']"
5,2,27,"['B4370', '61']"
34,4,28,"['A057', '0']"
new task..............,hasoto,0
66,"['A057', '0']"
66,1,"['B1450', '39']"
67,1,24,"['B1668', '38']"
92,2,23,"['B2336', '46']"
117,2,25,"['A057', '0']"
new task..............,hasoto,0
144,"['A057', '0']"
144,3,"['B0484', '37']"
147,1,23,"['B4988', '44']"
171,4,25,"['A057', '0']"
new task..............,hasoto,1
200,"['A057', '0']"
200,5,"['B6043', '44']"
205,1,25,"['B2101', '51']"
231,1,26,"['B5233', '28']"
258,4,21,"['S432', '1', 211, 299, 'E1654']"
283,2,"['B9058', '-1', 301, 'E1654']"
285,4,8,"['S392', '2', 217, 298, 'E1455']"
297,9,"['B7187', '-2', 307, 'E1455']"
306,8,9,"['S398', '3', 314, 402, 'E1487']"
323,2,"['B2339', '-3', 404, 'E1487']"
325,2,10,"['S398', '4', 250, 338, 'E1486']"
337,2,"['B2339', '-4', 340, 'E1486']"
339,2,11,"['S393', '4', 318, 405, 'E1456']"
352,3,"['B0829', '-4', 408, 'E1456']"
355,3,11,"['S397', '1', 344, 432, 'E1485']"
369,2,"['B8825', '-1', 434, 'E1485']"
371,2,8,"['S398', '2', 371, 460, 'E1488']"
381,1,"['B4715', '-2', 461, 'E1488']"
382,6,9,"['A057', '0']"
new task..............,hasoto,1
582,"['A057', '0']"
582,2,"['B6641', '37']"
584,3,23,"['S432', '1', 560, 648, 'E1653']"
610,2,"['B4835', '-1', 650, 'E1653']"
612,3,8,"['B8825', '25']"
623,1,20,"['S409', '1', 567, 655, 'E1563']"
644,2,"['B4370', '-1', 657, 'E1563']"
646,1,8,"['B3787', '46']"
655,4,25,"['S432', '1', 627, 716, 'E1652']"
684,1,"['B3707', '-1', 717, 'E1652']"
685,2,8,"['A057', '0']"
230,1265
new crir
new task..............,hasoto,0
0,"['A057', '0']"
0,7,"['B2425', '30']"
7,2,21,"['B7187', '25']"
30,2,20,"['B8870', '48']"
52,1,26,"['B4415', '19']"
79,7,18,"['A057', '0']"
new task..............,hasoto,0
104,"['A057', '0']"
104,4,"['B7674', '6']"
108,5,12,"['B5799', '38']"
125,2,23,"['B2395', '45']"
150,1,25,"['B7419', '29']"
176,6,21,"['A057', '0']"
new task..............,hasoto,0
203,"['A057', '0']"
203,4,"['B5616', '37']"
207,1,23,"['B1283', '58']"
231,1,28,"['B9058', '38']"
260,2,23,"['A057', '0']"
new task..............,hasoto,0
285,"['A057', '0']"
285,3,"['B8170', '56']"
288,2,27,"['B3707', '83']"
317,2,32,"['A057', '0']"
new task..............,hasoto,0
351,"['A057', '0']"
351,3,"['B4905', '65']"
354,1,29,"['B5522', '47']"
384,2,26,"['A057', '0']"
new task..............,hasoto,1
412,"['A057', '0']"
412,4,"['B3164', '36']"
416,1,23,"['B7297', '68']"
440,9,30,"['S409', '2', 443, 533, 'E1562']"
479,0,"['B0338', '-2', 533, 'E1562']"
479,0,9,"['S409', '2', 445, 534, 'E1560']"
488,1,"['B2101', '-2', 535, 'E1560']"
489,4,9,"['A057', '0']"
231,905
new crir
new task..............,hasoto,0
0,"['A057', '0']"
0,0,"['B6930', '49']"
0,3,26,"['B0177', '38']"
29,2,23,"['B4835', '47']"
54,1,26,"['A057', '0']"
new task..............,hasoto,0
81,"['A057', '0']"
81,5,"['B1981', '69']"
86,1,30,"['B5387', '49']"
117,5,26,"['A057', '0']"
232,148
new crir
new task..............,hasoto,1
568,"['A057', '0']"
568,5,"['S392', 3, 573, 654, 'E1454']"
573,9,"['B2883', -3, 663, 'E1454']"
582,6,10,"['A057', '0']"
233,0
