new crir
new task..............,hasoto,0
0,"['A062', '0']"
0,10,"['B7233', '7']"
10,6,13,"['B8885', '9']"
29,4,14,"['B1851', '26']"
47,1,20,"['B7685', '43']"
68,2,25,"['B0995', '33']"
95,1,22,"['B8561', '14']"
118,15,16,"['A062', '0']"
new task..............,hasoto,1
149,"['A063', '0']"
149,8,"['B9198', '39']"
157,1,24,"['B8759', '35']"
182,1,23,"['B3253', '65']"
206,3,29,"['S140', '1', 237, 317, 'E0343']"
238,10,"['B4556', '-1', 327, 'E0343']"
248,9,8,"['S150', '2', 242, 330, 'E0376']"
265,2,"['B8981', '-2', 332, 'E0376']"
267,12,9,"['S163', '10', 212, 295, 'E0446']"
288,7,"['B3202', '-10', 302, 'E0446']"
295,7,14,"['S163', '12', 251, 334, 'E0447']"
316,7,"['B3202', '-12', 341, 'E0447']"
323,7,15,"['S163', '12', 283, 364, 'E0444']"
345,9,"['B0188', '-12', 373, 'E0444']"
354,11,15,"['S140', '2', 308, 398, 'E0344']"
380,0,"['B5431', '-2', 398, 'E0344']"
380,14,9,"['S163', '10', 364, 446, 'E0445']"
403,8,"['B2308', '-10', 454, 'E0445']"
411,18,14,"['S154', '2', 432, 513, 'E0417']"
443,9,"['B5566', '-2', 522, 'E0417']"
452,6,9,"['S148', '3', 422, 509, 'E0373']"
467,3,"['B4611', '-3', 512, 'E0373']"
470,5,10,"['S154', '2', 436, 522, 'E0418']"
485,4,"['B8981', '-2', 526, 'E0418']"
489,12,9,"['S163', '12', 436, 521, 'E0448']"
510,5,"['B4697', '-12', 526, 'E0448']"
515,5,15,"['S163', '1', 478, 560, 'E0449']"
535,8,"['B5891', '-1', 568, 'E0449']"
543,8,8,"['S163', '17', 486, 569, 'E0450']"
559,7,"['B6066', '-17', 576, 'E0450']"
566,7,17,"['S163', '15', 506, 590, 'E0451']"
590,6,"['B7215', '-15', 596, 'E0451']"
596,13,17,"['S154', '2', 547, 627, 'E0415']"
626,10,"['B0421', '-2', 637, 'E0415']"
636,16,9,"['A063', '0']"
241,770
new crir
new task..............,hasoto,0
0,"['A063', '0']"
0,3,"['B8190', '43']"
3,1,25,"['B8841', '32']"
29,1,22,"['B2056', '17']"
52,2,17,"['B9199', '27']"
71,3,21,"['A063', '0']"
new task..............,hasoto,0
95,"['A063', '0']"
95,6,"['B6964', '41']"
101,1,24,"['B6149', '46']"
126,2,25,"['B0286', '25']"
153,4,20,"['A063', '0']"
new task..............,hasoto,1
177,"['A063', '0']"
177,9,"['B4611', '77']"
186,2,31,"['B1960', '62']"
219,12,29,"['S163', '13', 257, 340, 'E0443']"
260,7,"['B1395', '-13', 347, 'E0443']"
267,3,16,"['A063', '0']"
new task..............,hasoto,0
432,"['A063', '0']"
432,3,"['B6020', '33']"
435,2,22,"['B3156', '59']"
459,1,28,"['B6764', '46']"
488,5,25,"['A063', '0']"
new task..............,hasoto,0
518,"['A063', '0']"
518,8,"['B7365', '37']"
526,1,23,"['B4991', '35']"
550,1,23,"['B5431', '53']"
574,8,27,"['A063', '0']"
new task..............,hasoto,0
609,"['A063', '0']"
609,1,"['B7067', '14']"
610,1,16,"['B4088', '25']"
627,2,20,"['B2986', '48']"
649,2,26,"['B1008', '32']"
677,2,22,"['A063', '0']"
242,701
new crir
new task..............,hasoto,0
0,"['A063', '0']"
0,9,"['B0856', '27']"
9,2,21,"['B7215', '30']"
32,1,21,"['B8826', '46']"
54,1,25,"['B0572', '34']"
80,6,22,"['A063', '0']"
new task..............,hasoto,0
108,"['A063', '0']"
108,6,"['B3852', '34']"
114,1,22,"['B7191', '38']"
137,1,23,"['B2624', '37']"
161,6,23,"['A063', '0']"
new task..............,hasoto,1
190,"['A063', '0']"
190,4,"['B5891', '30']"
194,2,21,"['B0080', '27']"
217,4,21,"['B6135', '23']"
242,1,19,"['B5873', '30']"
262,1,21,"['B8914', '17']"
284,6,17,"['S154', '1', 290, 374, 'E0416']"
307,6,"['B4991', '-1', 380, 'E0416']"
313,14,8,"['S163', '7', 323, 402, 'E0452']"
335,11,"['B0971', '-7', 413, 'E0452']"
346,10,13,"['A063', '0']"
243,520
new crir
new task..............,hasoto,0
0,"['A062', '0']"
0,10,"['B7233', '7']"
10,6,13,"['B8885', '9']"
29,4,14,"['B1851', '26']"
47,1,20,"['B7685', '43']"
68,2,25,"['B0995', '33']"
95,1,22,"['B8561', '14']"
118,15,16,"['A062', '0']"
new task..............,hasoto,1
149,"['A063', '0']"
149,8,"['B9198', '39']"
157,1,24,"['B8759', '35']"
182,1,23,"['B3253', '65']"
206,3,29,"['S140', '1', 237, 317, 'E0343']"
238,10,"['B4556', '-1', 327, 'E0343']"
248,9,8,"['S150', '2', 242, 330, 'E0376']"
265,2,"['B8981', '-2', 332, 'E0376']"
267,12,9,"['S163', '10', 212, 295, 'E0446']"
288,7,"['B3202', '-10', 302, 'E0446']"
295,7,14,"['S163', '12', 251, 334, 'E0447']"
316,7,"['B3202', '-12', 341, 'E0447']"
323,7,15,"['S163', '12', 283, 364, 'E0444']"
345,9,"['B0188', '-12', 373, 'E0444']"
354,11,15,"['S140', '2', 308, 398, 'E0344']"
380,0,"['B5431', '-2', 398, 'E0344']"
380,14,9,"['S163', '10', 364, 446, 'E0445']"
403,8,"['B2308', '-10', 454, 'E0445']"
411,18,14,"['S154', '2', 432, 513, 'E0417']"
443,9,"['B5566', '-2', 522, 'E0417']"
452,6,9,"['S148', '3', 422, 509, 'E0373']"
467,3,"['B4611', '-3', 512, 'E0373']"
470,5,10,"['S154', '2', 436, 522, 'E0418']"
485,4,"['B8981', '-2', 526, 'E0418']"
489,12,9,"['S163', '12', 436, 521, 'E0448']"
510,5,"['B4697', '-12', 526, 'E0448']"
515,5,15,"['S163', '1', 478, 560, 'E0449']"
535,8,"['B5891', '-1', 568, 'E0449']"
543,8,8,"['S163', '17', 486, 569, 'E0450']"
559,7,"['B6066', '-17', 576, 'E0450']"
566,7,17,"['S163', '15', 506, 590, 'E0451']"
590,6,"['B7215', '-15', 596, 'E0451']"
596,13,17,"['S154', '2', 547, 627, 'E0415']"
626,10,"['B0421', '-2', 637, 'E0415']"
636,16,9,"['A063', '0']"
241,770
new crir
new task..............,hasoto,0
0,"['A063', '0']"
0,3,"['B8190', '43']"
3,1,25,"['B8841', '32']"
29,1,22,"['B2056', '17']"
52,2,17,"['B9199', '27']"
71,3,21,"['A063', '0']"
new task..............,hasoto,0
95,"['A063', '0']"
95,6,"['B6964', '41']"
101,1,24,"['B6149', '46']"
126,2,25,"['B0286', '25']"
153,4,20,"['A063', '0']"
new task..............,hasoto,1
177,"['A063', '0']"
177,9,"['B4611', '77']"
186,2,31,"['B1960', '62']"
219,12,29,"['S163', '13', 257, 340, 'E0443']"
260,7,"['B1395', '-13', 347, 'E0443']"
267,3,16,"['A063', '0']"
new task..............,hasoto,0
432,"['A063', '0']"
432,3,"['B6020', '33']"
435,2,22,"['B3156', '59']"
459,1,28,"['B6764', '46']"
488,5,25,"['A063', '0']"
new task..............,hasoto,0
518,"['A063', '0']"
518,8,"['B7365', '37']"
526,1,23,"['B4991', '35']"
550,1,23,"['B5431', '53']"
574,8,27,"['A063', '0']"
new task..............,hasoto,0
609,"['A063', '0']"
609,1,"['B7067', '14']"
610,1,16,"['B4088', '25']"
627,2,20,"['B2986', '48']"
649,2,26,"['B1008', '32']"
677,2,22,"['A063', '0']"
242,701
new crir
new task..............,hasoto,0
0,"['A063', '0']"
0,9,"['B0856', '27']"
9,2,21,"['B7215', '30']"
32,1,21,"['B8826', '46']"
54,1,25,"['B0572', '34']"
80,6,22,"['A063', '0']"
new task..............,hasoto,0
108,"['A063', '0']"
108,6,"['B3852', '34']"
114,1,22,"['B7191', '38']"
137,1,23,"['B2624', '37']"
161,6,23,"['A063', '0']"
new task..............,hasoto,1
190,"['A063', '0']"
190,4,"['B5891', '30']"
194,2,21,"['B0080', '27']"
217,4,21,"['B6135', '23']"
242,1,19,"['B5873', '30']"
262,1,21,"['B8914', '17']"
284,6,17,"['S154', '1', 290, 374, 'E0416']"
307,6,"['B4991', '-1', 380, 'E0416']"
313,14,8,"['S163', '7', 323, 402, 'E0452']"
335,11,"['B0971', '-7', 413, 'E0452']"
346,10,13,"['A063', '0']"
243,520
