new crir
new task..............,hasoto,0
0,"['A068', '0']"
0,6,"['B8315', '20']"
6,3,18,"['B1496', '48']"
27,3,26,"['B6469', '28']"
56,1,21,"['B0217', '30']"
78,7,21,"['A068', '0']"
new task..............,hasoto,0
106,"['A069', '0']"
106,2,"['B6598', '25']"
108,2,20,"['B2161', '34']"
130,2,22,"['B3436', '60']"
154,5,28,"['A069', '0']"
new task..............,hasoto,1
187,"['A069', '0']"
187,8,"['B8128', '20']"
195,1,18,"['B0633', '35']"
214,1,23,"['B6190', '52']"
238,1,27,"['S092', '4', 212, 295, 'E0178']"
266,7,"['B4855', '-4', 302, 'E0178']"
273,7,11,"['S092', '3', 215, 295, 'E0179']"
291,10,"['B6502', '-3', 305, 'E0179']"
301,9,10,"['S094', '1', 243, 326, 'E0187']"
320,7,"['B8173', '-1', 333, 'E0187']"
327,6,8,"['S092', '5', 275, 362, 'E0177']"
341,3,"['B4334', '-5', 365, 'E0177']"
344,5,12,"['S097', '2', 275, 361, 'E0195']"
361,4,"['B1477', '-2', 365, 'E0195']"
365,4,9,"['S094', '4', 297, 380, 'E0188']"
378,7,"['B8173', '-4', 387, 'E0188']"
385,7,11,"['S094', '2', 329, 416, 'E0189']"
403,3,"['B8496', '-2', 419, 'E0189']"
406,4,9,"['S093', '13', 334, 422, 'E0184']"
419,2,"['B9053', '-13', 424, 'E0184']"
421,4,16,"['S101', '2', 368, 455, 'E0209']"
441,3,"['B8058', '-2', 458, 'E0209']"
444,3,9,"['S101', '3', 423, 510, 'E0210']"
456,3,"['B8058', '-3', 513, 'E0210']"
459,3,10,"['S098', '2', 392, 475, 'E0201']"
472,7,"['B8223', '-2', 482, 'E0201']"
479,16,9,"['S128', '4', 418, 505, 'E0309']"
504,3,"['B2833', '-4', 508, 'E0309']"
507,6,11,"['S111', '2', 457, 543, 'E0242']"
524,4,"['B5441', '-2', 547, 'E0242']"
528,3,9,"['S126', '4', 534, 619, 'E0295']"
540,5,"['B1674', '-4', 624, 'E0295']"
545,5,11,"['S126', '1', 543, 628, 'E0296']"
561,5,"['B1674', '-1', 633, 'E0296']"
566,10,8,"['S097', '1', 554, 637, 'E0196']"
584,7,"['B2226', '-1', 644, 'E0196']"
591,4,8,"['S092', '2', 529, 615, 'E0175']"
603,4,"['B2226', '-2', 619, 'E0175']"
607,4,9,"['S093', '4', 577, 660, 'E0183']"
620,7,"['B7402', '-4', 667, 'E0183']"
627,7,11,"['S101', '1', 614, 702, 'E0211']"
645,2,"['B8717', '-1', 704, 'E0211']"
647,1,8,"['S094', '2', 575, 662, 'E0185']"
656,3,"['B1510', '-2', 665, 'E0185']"
659,2,9,"['S092', '3', 604, 691, 'E0180']"
670,3,"['B8221', '-3', 694, 'E0180']"
673,12,10,"['S126', '1', 620, 705, 'E0297']"
695,5,"['B1674', '-1', 710, 'E0297']"
700,1,8,"['A069', '0']"
264,879
new crir
new task..............,hasoto,0
0,"['A069', '0']"
0,6,"['B7272', '25']"
6,3,20,"['B5943', '22']"
29,2,19,"['B6450', '33']"
50,2,22,"['B0626', '32']"
74,8,22,"['A069', '0']"
new task..............,hasoto,1
104,"['A069', '0']"
104,2,"['B3386', '19']"
106,1,18,"['B8534', '22']"
125,1,19,"['B6076', '28']"
145,1,21,"['B8620', '33']"
167,1,22,"['B7459', '38']"
190,15,23,"['S097', '2', 224, 305, 'E0198']"
228,9,"['B8173', '-2', 314, 'E0198']"
237,7,9,"['S094', '3', 251, 340, 'E0191']"
253,1,"['B8717', '-3', 341, 'E0191']"
254,1,10,"['S098', '1', 217, 303, 'E0200']"
265,4,"['B4855', '-1', 307, 'E0200']"
269,3,8,"['S101', '2', 225, 309, 'E0207']"
280,6,"['B5104', '-2', 315, 'E0207']"
286,3,9,"['S093', '13', 285, 371, 'E0182']"
298,4,"['B7054', '-13', 375, 'E0182']"
302,4,16,"['S092', '3', 282, 369, 'E0176']"
322,3,"['B2784', '-3', 372, 'E0176']"
325,2,10,"['S094', '1', 316, 401, 'E0186']"
337,5,"['B2086', '-1', 406, 'E0186']"
342,2,8,"['S101', '3', 343, 430, 'E0206']"
352,3,"['B4964', '-3', 433, 'E0206']"
355,12,10,"['S131', '1', 377, 458, 'E0312']"
377,9,"['B5076', '-1', 467, 'E0312']"
386,15,8,"['A069', '0']"
new task..............,hasoto,0
480,"['A069', '0']"
480,12,"['B1510', '45']"
492,12,25,"['A069', '0']"
new task..............,hasoto,1
529,"['A069', '0']"
529,7,"['B8413', '36']"
536,1,23,"['B4276', '23']"
560,1,19,"['B0355', '49']"
580,2,26,"['S111', '1', 581, 670, 'E0241']"
608,1,"['B4276', '-1', 671, 'E0241']"
609,16,8,"['S097', '3', 625, 710, 'E0197']"
633,5,"['B4334', '-3', 715, 'E0197']"
638,13,10,"['A069', '0']"
265,1153
new crir
new task..............,hasoto,0
0,"['A068', '0']"
0,6,"['B8315', '20']"
6,3,18,"['B1496', '48']"
27,3,26,"['B6469', '28']"
56,1,21,"['B0217', '30']"
78,7,21,"['A068', '0']"
new task..............,hasoto,0
106,"['A069', '0']"
106,2,"['B6598', '25']"
108,2,20,"['B2161', '34']"
130,2,22,"['B3436', '60']"
154,5,28,"['A069', '0']"
new task..............,hasoto,1
187,"['A069', '0']"
187,8,"['B8128', '20']"
195,1,18,"['B0633', '35']"
214,1,23,"['B6190', '52']"
238,1,27,"['S092', '4', 212, 295, 'E0178']"
266,7,"['B4855', '-4', 302, 'E0178']"
273,7,11,"['S092', '3', 215, 295, 'E0179']"
291,10,"['B6502', '-3', 305, 'E0179']"
301,9,10,"['S094', '1', 243, 326, 'E0187']"
320,7,"['B8173', '-1', 333, 'E0187']"
327,6,8,"['S092', '5', 275, 362, 'E0177']"
341,3,"['B4334', '-5', 365, 'E0177']"
344,5,12,"['S097', '2', 275, 361, 'E0195']"
361,4,"['B1477', '-2', 365, 'E0195']"
365,4,9,"['S094', '4', 297, 380, 'E0188']"
378,7,"['B8173', '-4', 387, 'E0188']"
385,7,11,"['S094', '2', 329, 416, 'E0189']"
403,3,"['B8496', '-2', 419, 'E0189']"
406,4,9,"['S093', '13', 334, 422, 'E0184']"
419,2,"['B9053', '-13', 424, 'E0184']"
421,4,16,"['S101', '2', 368, 455, 'E0209']"
441,3,"['B8058', '-2', 458, 'E0209']"
444,3,9,"['S101', '3', 423, 510, 'E0210']"
456,3,"['B8058', '-3', 513, 'E0210']"
459,3,10,"['S098', '2', 392, 475, 'E0201']"
472,7,"['B8223', '-2', 482, 'E0201']"
479,16,9,"['S128', '4', 418, 505, 'E0309']"
504,3,"['B2833', '-4', 508, 'E0309']"
507,6,11,"['S111', '2', 457, 543, 'E0242']"
524,4,"['B5441', '-2', 547, 'E0242']"
528,3,9,"['S126', '4', 534, 619, 'E0295']"
540,5,"['B1674', '-4', 624, 'E0295']"
545,5,11,"['S126', '1', 543, 628, 'E0296']"
561,5,"['B1674', '-1', 633, 'E0296']"
566,10,8,"['S097', '1', 554, 637, 'E0196']"
584,7,"['B2226', '-1', 644, 'E0196']"
591,4,8,"['S092', '2', 529, 615, 'E0175']"
603,4,"['B2226', '-2', 619, 'E0175']"
607,4,9,"['S093', '4', 577, 660, 'E0183']"
620,7,"['B7402', '-4', 667, 'E0183']"
627,7,11,"['S101', '1', 614, 702, 'E0211']"
645,2,"['B8717', '-1', 704, 'E0211']"
647,1,8,"['S094', '2', 575, 662, 'E0185']"
656,3,"['B1510', '-2', 665, 'E0185']"
659,2,9,"['S092', '3', 604, 691, 'E0180']"
670,3,"['B8221', '-3', 694, 'E0180']"
673,12,10,"['S126', '1', 620, 705, 'E0297']"
695,5,"['B1674', '-1', 710, 'E0297']"
700,1,8,"['A069', '0']"
264,879
new crir
new task..............,hasoto,0
0,"['A069', '0']"
0,6,"['B7272', '25']"
6,3,20,"['B5943', '22']"
29,2,19,"['B6450', '33']"
50,2,22,"['B0626', '32']"
74,8,22,"['A069', '0']"
new task..............,hasoto,1
104,"['A069', '0']"
104,2,"['B3386', '19']"
106,1,18,"['B8534', '22']"
125,1,19,"['B6076', '28']"
145,1,21,"['B8620', '33']"
167,1,22,"['B7459', '38']"
190,15,23,"['S097', '2', 224, 305, 'E0198']"
228,9,"['B8173', '-2', 314, 'E0198']"
237,7,9,"['S094', '3', 251, 340, 'E0191']"
253,1,"['B8717', '-3', 341, 'E0191']"
254,1,10,"['S098', '1', 217, 303, 'E0200']"
265,4,"['B4855', '-1', 307, 'E0200']"
269,3,8,"['S101', '2', 225, 309, 'E0207']"
280,6,"['B5104', '-2', 315, 'E0207']"
286,3,9,"['S093', '13', 285, 371, 'E0182']"
298,4,"['B7054', '-13', 375, 'E0182']"
302,4,16,"['S092', '3', 282, 369, 'E0176']"
322,3,"['B2784', '-3', 372, 'E0176']"
325,2,10,"['S094', '1', 316, 401, 'E0186']"
337,5,"['B2086', '-1', 406, 'E0186']"
342,2,8,"['S101', '3', 343, 430, 'E0206']"
352,3,"['B4964', '-3', 433, 'E0206']"
355,12,10,"['S131', '1', 377, 458, 'E0312']"
377,9,"['B5076', '-1', 467, 'E0312']"
386,15,8,"['A069', '0']"
new task..............,hasoto,0
480,"['A069', '0']"
480,12,"['B1510', '45']"
492,12,25,"['A069', '0']"
new task..............,hasoto,1
529,"['A069', '0']"
529,7,"['B8413', '36']"
536,1,23,"['B4276', '23']"
560,1,19,"['B0355', '49']"
580,2,26,"['S111', '1', 581, 670, 'E0241']"
608,1,"['B4276', '-1', 671, 'E0241']"
609,16,8,"['S097', '3', 625, 710, 'E0197']"
633,5,"['B4334', '-3', 715, 'E0197']"
638,13,10,"['A069', '0']"
265,1153
