new crir
new task..............,hasoto,0
0,"['A081', '0']"
0,4,"['B7445', '35']"
4,2,23,"['B0285', '47']"
29,5,26,"['A081', '0']"
new task..............,hasoto,0
60,"['A081', '0']"
60,3,"['B9107', '44']"
63,1,25,"['B1355', '63']"
89,3,29,"['A081', '0']"
new task..............,hasoto,0
121,"['A081', '0']"
121,4,"['B4354', '44']"
125,1,25,"['B5481', '41']"
151,1,24,"['B8210', '49']"
176,2,26,"['A081', '0']"
new task..............,hasoto,1
204,"['A081', '0']"
204,5,"['B6482', '33']"
209,3,22,"['S184', '4', 221, 308, 'E0515']"
234,3,"['B6482', '-4', 311, 'E0515']"
237,7,11,"['S230', '2', 231, 310, 'E0858']"
255,11,"['B2713', '-2', 321, 'E0858']"
266,3,9,"['B5812', '48']"
278,4,26,"['S184', '1', 221, 309, 'E0507']"
308,2,"['B0040', '-1', 311, 'E0507']"
310,2,8,"['S208', '1', 240, 328, 'E0619']"
320,2,"['B3095', '-1', 330, 'E0619']"
322,1,8,"['S184', '3', 244, 332, 'E0512']"
331,2,"['B5047', '-3', 334, 'E0512']"
333,2,10,"['S184', '2', 260, 347, 'E0520']"
345,3,"['B9208', '-2', 350, 'E0520']"
348,3,9,"['S184', '1', 276, 364, 'E0509']"
360,2,"['B0040', '-1', 366, 'E0509']"
362,2,8,"['S209', '1', 328, 416, 'E0622']"
372,2,"['B1224', '-1', 418, 'E0622']"
374,4,8,"['S184', '3', 313, 397, 'E0500']"
386,6,"['B1268', '-3', 403, 'E0500']"
392,8,10,"['S209', '2', 331, 419, 'E0627']"
410,2,"['B8006', '-2', 421, 'E0627']"
412,6,9,"['S171', '1', 365, 452, 'E0466']"
427,3,"['B1777', '-1', 455, 'E0466']"
430,5,8,"['S184', '2', 357, 443, 'E0511']"
443,4,"['B0421', '-2', 447, 'E0511']"
447,6,9,"['S209', '1', 417, 504, 'E0623']"
462,3,"['B3095', '-1', 507, 'E0623']"
465,1,8,"['S184', '2', 411, 479, 'E0517']"
474,22,"['B0655', '-2', 501, 'E0517']"
496,18,9,"['S230', '1', 445, 529, 'E0860']"
523,6,"['B6562', '-1', 535, 'E0860']"
529,8,8,"['S184', '5', 464, 553, 'E0513']"
545,1,"['B5076', '-5', 554, 'E0513']"
546,1,12,"['S184', '1', 474, 563, 'E0505']"
559,1,"['B3654', '-1', 564, 'E0505']"
560,1,8,"['S184', '1', 562, 646, 'E0516']"
569,6,"['B6506', '-1', 652, 'E0516']"
575,7,8,"['S208', '3', 584, 672, 'E0621']"
590,2,"['B3095', '-3', 674, 'E0621']"
592,1,10,"['S184', '3', 580, 669, 'E0503']"
603,1,"['B3095', '-3', 670, 'E0503']"
604,1,10,"['S184', '1', 552, 639, 'E0506']"
615,3,"['B3866', '-1', 642, 'E0506']"
618,1,8,"['S206', '2', 623, 709, 'E0609']"
627,4,"['B2571', '-2', 713, 'E0609']"
631,4,9,"['S206', '3', 609, 698, 'E0611']"
644,1,"['B3650', '-3', 699, 'E0611']"
645,1,10,"['S209', '1', 608, 697, 'E0625']"
656,1,"['B5438', '-1', 698, 'E0625']"
657,1,8,"['S206', '4', 581, 667, 'E0612']"
666,4,"['B5505', '-4', 671, 'E0612']"
670,3,11,"['S184', '2', 624, 713, 'E0504']"
684,1,"['B3249', '-2', 714, 'E0504']"
685,3,9,"['S209', '1', 623, 712, 'E0626']"
697,1,"['B5438', '-1', 713, 'E0626']"
698,3,8,"['A081', '0']"
299,902
new crir
new task..............,hasoto,0
0,"['A081', '0']"
0,3,"['B3249', '43']"
3,2,25,"['B3654', '68']"
30,4,30,"['A081', '0']"
new task..............,hasoto,0
64,"['A081', '0']"
64,9,"['B0233', '72']"
73,2,30,"['B1082', '39']"
105,8,24,"['A081', '0']"
new task..............,hasoto,0
137,"['A081', '0']"
137,3,"['B5505', '48']"
140,1,26,"['B8956', '44']"
167,1,25,"['B4164', '42']"
193,1,24,"['A081', '0']"
new task..............,hasoto,1
218,"['A081', '0']"
218,8,"['B6560', '42']"
226,1,24,"['B3815', '68']"
251,1,30,"['B8571', '25']"
282,1,20,"['S171', '1', 232, 318, 'E0467']"
303,4,"['B7445', '-1', 322, 'E0467']"
307,5,8,"['S184', '4', 241, 329, 'E0514']"
320,2,"['B6154', '-4', 331, 'E0514']"
322,5,11,"['S209', '1', 249, 338, 'E0624']"
338,1,"['B5438', '-1', 339, 'E0624']"
339,4,8,"['S184', '4', 264, 353, 'E0501']"
351,1,"['B3095', '-4', 354, 'E0501']"
352,4,11,"['S167', '1', 363, 440, 'E0462']"
367,13,"['B5765', '-1', 453, 'E0462']"
380,16,8,"['S184', '3', 365, 454, 'E0502']"
404,1,"['B3095', '-3', 455, 'E0502']"
405,6,10,"['S254', '2', 334, 422, 'E0938']"
421,2,"['B7893', '-2', 424, 'E0938']"
423,6,9,"['S184', '3', 366, 453, 'E0521']"
438,3,"['B9208', '-3', 456, 'E0521']"
441,6,10,"['S230', '1', 379, 461, 'E0859']"
457,8,"['B4163', '-1', 469, 'E0859']"
465,13,8,"['S184', '2', 433, 521, 'E0518']"
486,2,"['B7657', '-2', 523, 'E0518']"
488,5,9,"['A081', '0']"
300,702
new crir
new task..............,hasoto,0
0,"['A081', '0']"
0,2,"['B2047', '18']"
2,1,18,"['B7893', '31']"
21,1,22,"['B8990', '34']"
44,1,22,"['B9157', '37']"
67,4,23,"['A081', '0']"
new task..............,hasoto,0
94,"['A081', '0']"
94,4,"['B3731', '28']"
98,1,21,"['B5442', '48']"
120,1,26,"['B8265', '48']"
147,2,26,"['A081', '0']"
new task..............,hasoto,0
175,"['A081', '0']"
175,3,"['B3650', '44']"
178,1,25,"['B5438', '36']"
204,3,23,"['A081', '0']"
new task..............,hasoto,1
230,"['A081', '0']"
230,1,"['B2386', '44']"
231,1,25,"['B4308', '18']"
257,1,18,"['B0659', '40']"
276,1,24,"['B8161', '21']"
301,4,19,"['S184', '1', 243, 330, 'E0510']"
324,3,"['B4164', '-1', 333, 'E0510']"
327,2,8,"['S195', '2', 253, 340, 'E0563']"
337,3,"['B4308', '-2', 343, 'E0563']"
340,1,9,"['A081', '0']"
301,566
new crir
new task..............,hasoto,0
0,"['A081', '0']"
0,4,"['B7445', '35']"
4,2,23,"['B0285', '47']"
29,5,26,"['A081', '0']"
new task..............,hasoto,0
60,"['A081', '0']"
60,3,"['B9107', '44']"
63,1,25,"['B1355', '63']"
89,3,29,"['A081', '0']"
new task..............,hasoto,0
121,"['A081', '0']"
121,4,"['B4354', '44']"
125,1,25,"['B5481', '41']"
151,1,24,"['B8210', '49']"
176,2,26,"['A081', '0']"
new task..............,hasoto,1
204,"['A081', '0']"
204,5,"['B6482', '33']"
209,3,22,"['S184', '4', 221, 308, 'E0515']"
234,3,"['B6482', '-4', 311, 'E0515']"
237,7,11,"['S230', '2', 231, 310, 'E0858']"
255,11,"['B2713', '-2', 321, 'E0858']"
266,3,9,"['B5812', '48']"
278,4,26,"['S184', '1', 221, 309, 'E0507']"
308,2,"['B0040', '-1', 311, 'E0507']"
310,2,8,"['S208', '1', 240, 328, 'E0619']"
320,2,"['B3095', '-1', 330, 'E0619']"
322,1,8,"['S184', '3', 244, 332, 'E0512']"
331,2,"['B5047', '-3', 334, 'E0512']"
333,2,10,"['S184', '2', 260, 347, 'E0520']"
345,3,"['B9208', '-2', 350, 'E0520']"
348,3,9,"['S184', '1', 276, 364, 'E0509']"
360,2,"['B0040', '-1', 366, 'E0509']"
362,2,8,"['S209', '1', 328, 416, 'E0622']"
372,2,"['B1224', '-1', 418, 'E0622']"
374,4,8,"['S184', '3', 313, 397, 'E0500']"
386,6,"['B1268', '-3', 403, 'E0500']"
392,8,10,"['S209', '2', 331, 419, 'E0627']"
410,2,"['B8006', '-2', 421, 'E0627']"
412,6,9,"['S171', '1', 365, 452, 'E0466']"
427,3,"['B1777', '-1', 455, 'E0466']"
430,5,8,"['S184', '2', 357, 443, 'E0511']"
443,4,"['B0421', '-2', 447, 'E0511']"
447,6,9,"['S209', '1', 417, 504, 'E0623']"
462,3,"['B3095', '-1', 507, 'E0623']"
465,1,8,"['S184', '2', 411, 479, 'E0517']"
474,22,"['B0655', '-2', 501, 'E0517']"
496,18,9,"['S230', '1', 445, 529, 'E0860']"
523,6,"['B6562', '-1', 535, 'E0860']"
529,8,8,"['S184', '5', 464, 553, 'E0513']"
545,1,"['B5076', '-5', 554, 'E0513']"
546,1,12,"['S184', '1', 474, 563, 'E0505']"
559,1,"['B3654', '-1', 564, 'E0505']"
560,1,8,"['S184', '1', 562, 646, 'E0516']"
569,6,"['B6506', '-1', 652, 'E0516']"
575,7,8,"['S208', '3', 584, 672, 'E0621']"
590,2,"['B3095', '-3', 674, 'E0621']"
592,1,10,"['S184', '3', 580, 669, 'E0503']"
603,1,"['B3095', '-3', 670, 'E0503']"
604,1,10,"['S184', '1', 552, 639, 'E0506']"
615,3,"['B3866', '-1', 642, 'E0506']"
618,1,8,"['S206', '2', 623, 709, 'E0609']"
627,4,"['B2571', '-2', 713, 'E0609']"
631,4,9,"['S206', '3', 609, 698, 'E0611']"
644,1,"['B3650', '-3', 699, 'E0611']"
645,1,10,"['S209', '1', 608, 697, 'E0625']"
656,1,"['B5438', '-1', 698, 'E0625']"
657,1,8,"['S206', '4', 581, 667, 'E0612']"
666,4,"['B5505', '-4', 671, 'E0612']"
670,3,11,"['S184', '2', 624, 713, 'E0504']"
684,1,"['B3249', '-2', 714, 'E0504']"
685,3,9,"['S209', '1', 623, 712, 'E0626']"
697,1,"['B5438', '-1', 713, 'E0626']"
698,3,8,"['A081', '0']"
299,902
new crir
new task..............,hasoto,0
0,"['A081', '0']"
0,3,"['B3249', '43']"
3,2,25,"['B3654', '68']"
30,4,30,"['A081', '0']"
new task..............,hasoto,0
64,"['A081', '0']"
64,9,"['B0233', '72']"
73,2,30,"['B1082', '39']"
105,8,24,"['A081', '0']"
new task..............,hasoto,0
137,"['A081', '0']"
137,3,"['B5505', '48']"
140,1,26,"['B8956', '44']"
167,1,25,"['B4164', '42']"
193,1,24,"['A081', '0']"
new task..............,hasoto,1
218,"['A081', '0']"
218,8,"['B6560', '42']"
226,1,24,"['B3815', '68']"
251,1,30,"['B8571', '25']"
282,1,20,"['S171', '1', 232, 318, 'E0467']"
303,4,"['B7445', '-1', 322, 'E0467']"
307,5,8,"['S184', '4', 241, 329, 'E0514']"
320,2,"['B6154', '-4', 331, 'E0514']"
322,5,11,"['S209', '1', 249, 338, 'E0624']"
338,1,"['B5438', '-1', 339, 'E0624']"
339,4,8,"['S184', '4', 264, 353, 'E0501']"
351,1,"['B3095', '-4', 354, 'E0501']"
352,4,11,"['S167', '1', 363, 440, 'E0462']"
367,13,"['B5765', '-1', 453, 'E0462']"
380,16,8,"['S184', '3', 365, 454, 'E0502']"
404,1,"['B3095', '-3', 455, 'E0502']"
405,6,10,"['S254', '2', 334, 422, 'E0938']"
421,2,"['B7893', '-2', 424, 'E0938']"
423,6,9,"['S184', '3', 366, 453, 'E0521']"
438,3,"['B9208', '-3', 456, 'E0521']"
441,6,10,"['S230', '1', 379, 461, 'E0859']"
457,8,"['B4163', '-1', 469, 'E0859']"
465,13,8,"['S184', '2', 433, 521, 'E0518']"
486,2,"['B7657', '-2', 523, 'E0518']"
488,5,9,"['A081', '0']"
300,702
new crir
new task..............,hasoto,0
0,"['A081', '0']"
0,2,"['B2047', '18']"
2,1,18,"['B7893', '31']"
21,1,22,"['B8990', '34']"
44,1,22,"['B9157', '37']"
67,4,23,"['A081', '0']"
new task..............,hasoto,0
94,"['A081', '0']"
94,4,"['B3731', '28']"
98,1,21,"['B5442', '48']"
120,1,26,"['B8265', '48']"
147,2,26,"['A081', '0']"
new task..............,hasoto,0
175,"['A081', '0']"
175,3,"['B3650', '44']"
178,1,25,"['B5438', '36']"
204,3,23,"['A081', '0']"
new task..............,hasoto,1
230,"['A081', '0']"
230,1,"['B2386', '44']"
231,1,25,"['B4308', '18']"
257,1,18,"['B0659', '40']"
276,1,24,"['B8161', '21']"
301,4,19,"['S184', '1', 243, 330, 'E0510']"
324,3,"['B4164', '-1', 333, 'E0510']"
327,2,8,"['S195', '2', 253, 340, 'E0563']"
337,3,"['B4308', '-2', 343, 'E0563']"
340,1,9,"['A081', '0']"
301,566
