new crir
new task..............,hasoto,0
0,"['A085', '0']"
0,9,"['B8496', '41']"
9,1,24,"['B7615', '30']"
34,1,21,"['B3380', '48']"
56,10,26,"['A085', '0']"
new task..............,hasoto,0
92,"['A085', '0']"
92,5,"['B1770', '42']"
97,1,24,"['B3706', '49']"
122,1,26,"['B7739', '18']"
149,1,18,"['B0644', '25']"
168,4,20,"['A085', '0']"
new task..............,hasoto,1
192,"['A085', '0']"
192,4,"['B2822', '12']"
196,1,15,"['B7681', '21']"
212,2,19,"['B6728', '37']"
233,4,23,"['S109', '2', 239, 323, 'E0239']"
260,6,"['B7054', '-2', 329, 'E0239']"
266,3,9,"['S102', '3', 258, 341, 'E0212']"
278,7,"['B4334', '-3', 348, 'E0212']"
285,7,10,"['S102', '1', 240, 325, 'E0213']"
302,5,"['B4611', '-1', 330, 'E0213']"
307,4,8,"['B5566', '23']"
319,1,19,"['S109', '2', 256, 343, 'E0232']"
339,3,"['B3306', '-2', 346, 'E0232']"
342,3,9,"['S109', '3', 269, 354, 'E0236']"
354,5,"['B6278', '-3', 359, 'E0236']"
359,5,10,"['S109', '2', 289, 378, 'E0235']"
374,1,"['B5566', '-2', 379, 'E0235']"
375,1,9,"['S113', '15', 297, 387, 'E0247']"
385,0,"['B2380', '-15', 387, 'E0247']"
385,2,17,"['S109', '3', 356, 438, 'E0234']"
404,8,"['B3616', '-3', 446, 'E0234']"
412,10,10,"['S117', '1', 425, 515, 'E0260']"
432,0,"['B8511', '-1', 515, 'E0260']"
432,0,8,"['S118', '1', 352, 442, 'E0263']"
440,0,"['B8511', '-1', 442, 'E0263']"
440,0,8,"['S118', '2', 448, 537, 'E0262']"
448,1,"['B2746', '-2', 538, 'E0262']"
449,3,9,"['S113', '23', 443, 528, 'E0249']"
461,5,"['B0785', '-23', 533, 'E0249']"
466,5,19,"['B8223', '33']"
490,1,22,"['S109', '4', 441, 524, 'E0231']"
513,7,"['B2680', '-4', 531, 'E0231']"
520,10,11,"['S117', '1', 489, 579, 'E0261']"
541,0,"['B8511', '-1', 579, 'E0261']"
541,9,8,"['A085', '0']"
310,727
new crir
new task..............,hasoto,0
0,"['A085', '0']"
0,4,"['B5010', '40']"
4,2,24,"['B7735', '46']"
30,1,25,"['B1520', '27']"
56,3,21,"['A085', '0']"
new task..............,hasoto,0
80,"['A085', '0']"
80,2,"['B5454', '38']"
82,1,23,"['B3010', '25']"
106,2,20,"['B2680', '31']"
128,3,22,"['B8084', '45']"
153,1,25,"['A085', '0']"
new task..............,hasoto,1
179,"['A085', '0']"
179,8,"['B6570', '24']"
187,1,20,"['B2617', '16']"
208,2,17,"['B3616', '49']"
227,2,26,"['B3940', '16']"
255,2,17,"['B7402', '14']"
274,9,16,"['S107', '1', 295, 383, 'E0226']"
299,2,"['B2086', '-1', 385, 'E0226']"
301,5,8,"['S102', '2', 305, 389, 'E0214']"
314,6,"['B4991', '-2', 395, 'E0214']"
320,6,9,"['S109', '2', 298, 385, 'E0233']"
335,3,"['B3306', '-2', 388, 'E0233']"
338,9,9,"['S095', '2', 333, 380, 'E0192']"
356,43,"['B0655', '-2', 423, 'E0192']"
399,39,9,"['A085', '0']"
new task..............,hasoto,1
532,"['A085', '0']"
532,11,"['B7574', '54']"
543,1,27,"['B6233', '50']"
571,8,26,"['S113', '16', 590, 677, 'E0246']"
605,3,"['B2229', '-16', 680, 'E0246']"
608,3,17,"['S109', '3', 624, 710, 'E0237']"
628,4,"['B6728', '-3', 714, 'E0237']"
632,7,10,"['A085', '0']"
311,1164
new crir
new task..............,hasoto,0
0,"['A085', '0']"
0,9,"['B8496', '41']"
9,1,24,"['B7615', '30']"
34,1,21,"['B3380', '48']"
56,10,26,"['A085', '0']"
new task..............,hasoto,0
92,"['A085', '0']"
92,5,"['B1770', '42']"
97,1,24,"['B3706', '49']"
122,1,26,"['B7739', '18']"
149,1,18,"['B0644', '25']"
168,4,20,"['A085', '0']"
new task..............,hasoto,1
192,"['A085', '0']"
192,4,"['B2822', '12']"
196,1,15,"['B7681', '21']"
212,2,19,"['B6728', '37']"
233,4,23,"['S109', '2', 239, 323, 'E0239']"
260,6,"['B7054', '-2', 329, 'E0239']"
266,3,9,"['S102', '3', 258, 341, 'E0212']"
278,7,"['B4334', '-3', 348, 'E0212']"
285,7,10,"['S102', '1', 240, 325, 'E0213']"
302,5,"['B4611', '-1', 330, 'E0213']"
307,4,8,"['B5566', '23']"
319,1,19,"['S109', '2', 256, 343, 'E0232']"
339,3,"['B3306', '-2', 346, 'E0232']"
342,3,9,"['S109', '3', 269, 354, 'E0236']"
354,5,"['B6278', '-3', 359, 'E0236']"
359,5,10,"['S109', '2', 289, 378, 'E0235']"
374,1,"['B5566', '-2', 379, 'E0235']"
375,1,9,"['S113', '15', 297, 387, 'E0247']"
385,0,"['B2380', '-15', 387, 'E0247']"
385,2,17,"['S109', '3', 356, 438, 'E0234']"
404,8,"['B3616', '-3', 446, 'E0234']"
412,10,10,"['S117', '1', 425, 515, 'E0260']"
432,0,"['B8511', '-1', 515, 'E0260']"
432,0,8,"['S118', '1', 352, 442, 'E0263']"
440,0,"['B8511', '-1', 442, 'E0263']"
440,0,8,"['S118', '2', 448, 537, 'E0262']"
448,1,"['B2746', '-2', 538, 'E0262']"
449,3,9,"['S113', '23', 443, 528, 'E0249']"
461,5,"['B0785', '-23', 533, 'E0249']"
466,5,19,"['B8223', '33']"
490,1,22,"['S109', '4', 441, 524, 'E0231']"
513,7,"['B2680', '-4', 531, 'E0231']"
520,10,11,"['S117', '1', 489, 579, 'E0261']"
541,0,"['B8511', '-1', 579, 'E0261']"
541,9,8,"['A085', '0']"
310,727
new crir
new task..............,hasoto,0
0,"['A085', '0']"
0,4,"['B5010', '40']"
4,2,24,"['B7735', '46']"
30,1,25,"['B1520', '27']"
56,3,21,"['A085', '0']"
new task..............,hasoto,0
80,"['A085', '0']"
80,2,"['B5454', '38']"
82,1,23,"['B3010', '25']"
106,2,20,"['B2680', '31']"
128,3,22,"['B8084', '45']"
153,1,25,"['A085', '0']"
new task..............,hasoto,1
179,"['A085', '0']"
179,8,"['B6570', '24']"
187,1,20,"['B2617', '16']"
208,2,17,"['B3616', '49']"
227,2,26,"['B3940', '16']"
255,2,17,"['B7402', '14']"
274,9,16,"['S107', '1', 295, 383, 'E0226']"
299,2,"['B2086', '-1', 385, 'E0226']"
301,5,8,"['S102', '2', 305, 389, 'E0214']"
314,6,"['B4991', '-2', 395, 'E0214']"
320,6,9,"['S109', '2', 298, 385, 'E0233']"
335,3,"['B3306', '-2', 388, 'E0233']"
338,9,9,"['S095', '2', 333, 380, 'E0192']"
356,43,"['B0655', '-2', 423, 'E0192']"
399,39,9,"['A085', '0']"
new task..............,hasoto,1
532,"['A085', '0']"
532,11,"['B7574', '54']"
543,1,27,"['B6233', '50']"
571,8,26,"['S113', '16', 590, 677, 'E0246']"
605,3,"['B2229', '-16', 680, 'E0246']"
608,3,17,"['S109', '3', 624, 710, 'E0237']"
628,4,"['B6728', '-3', 714, 'E0237']"
632,7,10,"['A085', '0']"
311,1164
