new crir
new task..............,hasoto,0
0,"['A089', '0']"
0,11,"['B0879', '48']"
11,1,26,"['B7478', '25']"
38,1,20,"['B0039', '41']"
59,12,24,"['A089', '0']"
new task..............,hasoto,0
95,"['A089', '0']"
95,3,"['B1802', '37']"
98,2,23,"['B0134', '28']"
123,1,21,"['B6823', '49']"
145,4,26,"['A089', '0']"
new task..............,hasoto,1
175,"['A089', '0']"
175,5,"['B4378', '43']"
180,1,25,"['B9179', '19']"
206,8,18,"['S475', '2', 229, 318, 'E1854']"
232,1,"['B0479', '-2', 319, 'E1854']"
233,11,9,"['S506', '1', 228, 316, 'E1988']"
253,2,"['B0683', '-1', 318, 'E1988']"
255,6,8,"['S505', '1', 224, 305, 'E1984']"
269,9,"['B2356', '-1', 314, 'E1984']"
278,10,8,"['S495', '1', 222, 307, 'E1905']"
296,5,"['B2168', '-1', 312, 'E1905']"
301,9,8,"['S475', '3', 236, 322, 'E1853']"
318,4,"['B4754', '-3', 326, 'E1853']"
322,4,10,"['S475', '4', 247, 336, 'E1850']"
336,1,"['B4403', '-4', 337, 'E1850']"
337,1,11,"['S475', '4', 278, 367, 'E1851']"
349,1,"['B4403', '-4', 368, 'E1851']"
350,1,11,"['S475', '2', 277, 366, 'E1855']"
362,1,"['B0479', '-2', 367, 'E1855']"
363,1,9,"['S475', '2', 285, 373, 'E1858']"
373,2,"['B7218', '-2', 375, 'E1858']"
375,2,9,"['S475', '2', 305, 394, 'E1856']"
386,1,"['B0479', '-2', 395, 'E1856']"
387,3,9,"['S473', '5', 318, 405, 'E1839']"
399,3,"['B7951', '-5', 408, 'E1839']"
402,9,12,"['S485', '1', 339, 428, 'E1883']"
423,1,"['B6823', '-1', 429, 'E1883']"
424,1,8,"['S485', '4', 353, 441, 'E1884']"
433,2,"['B8338', '-4', 443, 'E1884']"
435,6,11,"['S475', '1', 397, 483, 'E1852']"
452,4,"['B4500', '-1', 487, 'E1852']"
456,4,8,"['S475', '2', 394, 482, 'E1847']"
468,2,"['B1559', '-2', 484, 'E1847']"
470,9,9,"['S504', '3', 439, 528, 'E1981']"
488,1,"['B4422', '-3', 529, 'E1981']"
489,1,10,"['S504', '3', 461, 549, 'E1975']"
500,2,"['B4416', '-3', 551, 'E1975']"
502,4,10,"['S488', '1', 430, 518, 'E1889']"
516,2,"['B5905', '-1', 520, 'E1889']"
518,3,8,"['S505', '2', 455, 541, 'E1985']"
529,4,"['B0320', '-2', 545, 'E1985']"
533,6,9,"['S503', '3', 464, 553, 'E1972']"
548,1,"['B7669', '-3', 554, 'E1972']"
549,1,10,"['S503', '1', 489, 578, 'E1973']"
560,1,"['B7669', '-1', 579, 'E1973']"
561,1,8,"['S504', '4', 482, 570, 'E1977']"
570,2,"['B4416', '-4', 572, 'E1977']"
572,2,11,"['S504', '2', 498, 586, 'E1978']"
585,2,"['B4416', '-2', 588, 'E1978']"
587,2,9,"['S504', '2', 512, 598, 'E1974']"
598,4,"['B2006', '-2', 602, 'E1974']"
602,4,9,"['S504', '3', 545, 634, 'E1983']"
615,1,"['B7669', '-3', 635, 'E1983']"
616,1,10,"['S504', '1', 563, 645, 'E1982']"
627,8,"['B6377', '-1', 653, 'E1982']"
635,4,8,"['S475', '2', 579, 664, 'E1849']"
647,5,"['B3324', '-2', 669, 'E1849']"
652,9,9,"['B9144', '27']"
670,2,21,"['B3277', '36']"
693,7,23,"['A089', '0']"
318,876
new crir
new task..............,hasoto,0
0,"['A089', '0']"
0,8,"['B6270', '56']"
8,1,27,"['B2368', '34']"
36,1,22,"['B8002', '41']"
59,10,24,"['A089', '0']"
new task..............,hasoto,0
93,"['A089', '0']"
93,6,"['B8514', '34']"
99,1,22,"['B7910', '30']"
122,1,21,"['B2391', '41']"
144,6,24,"['A089', '0']"
new task..............,hasoto,1
174,"['A089', '0']"
174,2,"['B6377', '54']"
176,3,27,"['B4635', '60']"
206,2,28,"['B8483', '23']"
236,12,19,"['S509', '13', 239, 275, 'E1991']"
267,54,"['B0655', '-13', 329, 'E1991']"
321,41,16,"['S480', '3', 300, 385, 'E1872']"
378,5,"['B3324', '-3', 390, 'E1872']"
383,6,10,"['S504', '4', 339, 428, 'E1980']"
399,1,"['B4422', '-4', 429, 'E1980']"
400,10,11,"['S475', '2', 359, 447, 'E1846']"
421,2,"['B1559', '-2', 449, 'E1846']"
423,3,9,"['A089', '0']"
new task..............,hasoto,1
594,"['A089', '0']"
594,7,"['B6640', '38']"
601,1,23,"['B7337', '23']"
625,2,19,"['B3865', '44']"
646,5,25,"['S485', '2', 599, 687, 'E1882']"
676,2,"['B3035', '-2', 689, 'E1882']"
678,4,9,"['S475', '2', 603, 692, 'E1857']"
691,1,"['B0479', '-2', 693, 'E1857']"
692,1,9,"['S478', '1', 618, 704, 'E1868']"
702,4,"['B0497', '-1', 708, 'E1868']"
706,6,8,"['A089', '0']"
319,1296
new crir
new task..............,hasoto,0
0,"['A089', '0']"
0,9,"['B7495', '24']"
9,1,20,"['B1228', '24']"
30,1,20,"['B8743', '30']"
51,1,21,"['B6575', '43']"
73,11,25,"['A089', '0']"
new task..............,hasoto,0
109,"['A089', '0']"
109,5,"['B2383', '26']"
114,1,20,"['B4754', '36']"
135,1,23,"['B7939', '40']"
159,2,24,"['B5620', '24']"
185,4,20,"['A089', '0']"
new task..............,hasoto,1
209,"['A089', '0']"
209,11,"['B7669', '48']"
220,0,26,"['S506', '1', 243, 330, 'E1986']"
246,3,"['B5767', '-1', 333, 'E1986']"
249,5,8,"['S495', '1', 240, 322, 'E1907']"
262,8,"['B8657', '-1', 330, 'E1907']"
270,9,8,"['S475', '1', 240, 298, 'E1860']"
287,32,"['B0870', '-1', 330, 'E1860']"
319,30,8,"['S479', '3', 278, 359, 'E1871']"
357,9,"['B4047', '-3', 368, 'E1871']"
366,14,10,"['B5682', '44']"
390,2,25,"['B1541', '47']"
417,11,26,"['A089', '0']"
new task..............,hasoto,0
621,"['A089', '0']"
621,6,"['B2006', '39']"
627,1,24,"['B5446', '34']"
652,1,22,"['B4416', '40']"
675,8,24,"['A089', '0']"
320,707
new crir
new task..............,hasoto,0
0,"['A089', '0']"
0,11,"['B3219', '27']"
11,1,21,"['B7524', '28']"
33,1,21,"['B6070', '62']"
55,10,29,"['A089', '0']"
new task..............,hasoto,0
94,"['A089', '0']"
94,12,"['B7451', '36']"
106,1,23,"['B0320', '38']"
130,1,23,"['B8281', '36']"
154,13,23,"['A089', '0']"
new task..............,hasoto,0
190,"['A089', '0']"
190,8,"['B3023', '70']"
198,2,30,"['B4422', '43']"
230,9,25,"['A089', '0']"
new task..............,hasoto,0
264,"['A089', '0']"
264,1,"['B0479', '34']"
265,2,22,"['B4403', '46']"
289,1,25,"['B7218', '17']"
315,2,17,"['B0497', '13']"
334,6,16,"['A089', '0']"
new task..............,hasoto,0
356,"['A089', '0']"
356,10,"['B5237', '32']"
366,1,22,"['B3551', '24']"
389,2,20,"['B7411', '28']"
411,1,21,"['B0683', '33']"
433,12,22,"['A089', '0']"
new task..............,hasoto,1
467,"['A089', '0']"
467,5,"['B1257', '42']"
472,1,24,"['B6431', '29']"
497,9,21,"['S473', '4', 471, 556, 'E1838']"
527,5,"['B3865', '-4', 561, 'E1838']"
532,7,11,"['S503', '1', 515, 603, 'E1970']"
550,2,"['B1541', '-1', 605, 'E1970']"
552,1,8,"['S504', '5', 520, 608, 'E1979']"
561,2,"['B4416', '-5', 610, 'E1979']"
563,2,12,"['S503', '1', 490, 578, 'E1971']"
577,2,"['B3023', '-1', 580, 'E1971']"
579,12,8,"['B3238', '52']"
599,9,27,"['S475', '2', 615, 700, 'E1848']"
635,5,"['B2426', '-2', 705, 'E1848']"
640,9,9,"['S508', '4', 614, 702, 'E1990']"
658,2,"['B4110', '-4', 704, 'E1990']"
660,15,11,"['A089', '0']"
321,1136
new crir
new task..............,hasoto,0
0,"['A089', '0']"
0,11,"['B1898', '51']"
11,1,26,"['B4962', '32']"
38,3,22,"['B0131', '48']"
63,9,26,"['A089', '0']"
new task..............,hasoto,0
98,"['A089', '0']"
98,11,"['B4433', '32']"
109,1,22,"['B7328', '30']"
132,1,21,"['B5980', '36']"
154,1,23,"['B3640', '32']"
178,9,22,"['A089', '0']"
new task..............,hasoto,0
209,"['A089', '0']"
209,8,"['B9133', '23']"
217,2,19,"['B0658', '42']"
238,3,24,"['B6419', '34']"
265,1,22,"['B3381', '21']"
288,10,19,"['A089', '0']"
new task..............,hasoto,0
317,"['A089', '0']"
317,6,"['B4500', '48']"
323,1,26,"['B9150', '37']"
350,1,23,"['B6415', '32']"
374,1,22,"['B3583', '15']"
397,4,17,"['A089', '0']"
new task..............,hasoto,0
418,"['A089', '0']"
418,6,"['B3486', '40']"
424,2,24,"['B5905', '38']"
450,6,23,"['A089', '0']"
new task..............,hasoto,0
479,"['A089', '0']"
479,6,"['B3496', '42']"
485,1,24,"['B8657', '27']"
510,1,21,"['B4389', '35']"
532,8,23,"['A089', '0']"
new task..............,hasoto,0
563,"['A089', '0']"
563,9,"['B7605', '42']"
572,1,24,"['B5767', '44']"
597,1,25,"['B1381', '42']"
623,7,24,"['A089', '0']"
322,654
new crir
new task..............,hasoto,0
0,"['A089', '0']"
0,10,"['B7139', '33']"
10,1,22,"['B4080', '36']"
33,1,23,"['B7305', '46']"
57,10,25,"['A089', '0']"
new task..............,hasoto,0
92,"['A089', '0']"
92,3,"['B2547', '44']"
95,1,25,"['B2426', '46']"
121,1,25,"['B8832', '38']"
147,5,23,"['A089', '0']"
new task..............,hasoto,0
175,"['A089', '0']"
175,8,"['B0937', '45']"
183,2,25,"['B1938', '65']"
210,9,29,"['A089', '0']"
new task..............,hasoto,1
248,"['A089', '0']"
248,4,"['B3807', '40']"
252,5,24,"['S495', '2', 279, 282, 'E1906']"
281,87,"['B5612', '-2', 369, 'E1906']"
368,89,9,"['B8338', '29']"
466,1,21,"['B0839', '69']"
488,5,30,"['A089', '0']"
323,582
new crir
new task..............,hasoto,0
0,"['A089', '0']"
0,11,"['B0879', '48']"
11,1,26,"['B7478', '25']"
38,1,20,"['B0039', '41']"
59,12,24,"['A089', '0']"
new task..............,hasoto,0
95,"['A089', '0']"
95,3,"['B1802', '37']"
98,2,23,"['B0134', '28']"
123,1,21,"['B6823', '49']"
145,4,26,"['A089', '0']"
new task..............,hasoto,1
175,"['A089', '0']"
175,5,"['B4378', '43']"
180,1,25,"['B9179', '19']"
206,8,18,"['S475', '2', 229, 318, 'E1854']"
232,1,"['B0479', '-2', 319, 'E1854']"
233,11,9,"['S506', '1', 228, 316, 'E1988']"
253,2,"['B0683', '-1', 318, 'E1988']"
255,6,8,"['S505', '1', 224, 305, 'E1984']"
269,9,"['B2356', '-1', 314, 'E1984']"
278,10,8,"['S495', '1', 222, 307, 'E1905']"
296,5,"['B2168', '-1', 312, 'E1905']"
301,9,8,"['S475', '3', 236, 322, 'E1853']"
318,4,"['B4754', '-3', 326, 'E1853']"
322,4,10,"['S475', '4', 247, 336, 'E1850']"
336,1,"['B4403', '-4', 337, 'E1850']"
337,1,11,"['S475', '4', 278, 367, 'E1851']"
349,1,"['B4403', '-4', 368, 'E1851']"
350,1,11,"['S475', '2', 277, 366, 'E1855']"
362,1,"['B0479', '-2', 367, 'E1855']"
363,1,9,"['S475', '2', 285, 373, 'E1858']"
373,2,"['B7218', '-2', 375, 'E1858']"
375,2,9,"['S475', '2', 305, 394, 'E1856']"
386,1,"['B0479', '-2', 395, 'E1856']"
387,3,9,"['S473', '5', 318, 405, 'E1839']"
399,3,"['B7951', '-5', 408, 'E1839']"
402,9,12,"['S485', '1', 339, 428, 'E1883']"
423,1,"['B6823', '-1', 429, 'E1883']"
424,1,8,"['S485', '4', 353, 441, 'E1884']"
433,2,"['B8338', '-4', 443, 'E1884']"
435,6,11,"['S475', '1', 397, 483, 'E1852']"
452,4,"['B4500', '-1', 487, 'E1852']"
456,4,8,"['S475', '2', 394, 482, 'E1847']"
468,2,"['B1559', '-2', 484, 'E1847']"
470,9,9,"['S504', '3', 439, 528, 'E1981']"
488,1,"['B4422', '-3', 529, 'E1981']"
489,1,10,"['S504', '3', 461, 549, 'E1975']"
500,2,"['B4416', '-3', 551, 'E1975']"
502,4,10,"['S488', '1', 430, 518, 'E1889']"
516,2,"['B5905', '-1', 520, 'E1889']"
518,3,8,"['S505', '2', 455, 541, 'E1985']"
529,4,"['B0320', '-2', 545, 'E1985']"
533,6,9,"['S503', '3', 464, 553, 'E1972']"
548,1,"['B7669', '-3', 554, 'E1972']"
549,1,10,"['S503', '1', 489, 578, 'E1973']"
560,1,"['B7669', '-1', 579, 'E1973']"
561,1,8,"['S504', '4', 482, 570, 'E1977']"
570,2,"['B4416', '-4', 572, 'E1977']"
572,2,11,"['S504', '2', 498, 586, 'E1978']"
585,2,"['B4416', '-2', 588, 'E1978']"
587,2,9,"['S504', '2', 512, 598, 'E1974']"
598,4,"['B2006', '-2', 602, 'E1974']"
602,4,9,"['S504', '3', 545, 634, 'E1983']"
615,1,"['B7669', '-3', 635, 'E1983']"
616,1,10,"['S504', '1', 563, 645, 'E1982']"
627,8,"['B6377', '-1', 653, 'E1982']"
635,4,8,"['S475', '2', 579, 664, 'E1849']"
647,5,"['B3324', '-2', 669, 'E1849']"
652,9,9,"['B9144', '27']"
670,2,21,"['B3277', '36']"
693,7,23,"['A089', '0']"
318,876
new crir
new task..............,hasoto,0
0,"['A089', '0']"
0,8,"['B6270', '56']"
8,1,27,"['B2368', '34']"
36,1,22,"['B8002', '41']"
59,10,24,"['A089', '0']"
new task..............,hasoto,0
93,"['A089', '0']"
93,6,"['B8514', '34']"
99,1,22,"['B7910', '30']"
122,1,21,"['B2391', '41']"
144,6,24,"['A089', '0']"
new task..............,hasoto,1
174,"['A089', '0']"
174,2,"['B6377', '54']"
176,3,27,"['B4635', '60']"
206,2,28,"['B8483', '23']"
236,12,19,"['S509', '13', 239, 275, 'E1991']"
267,54,"['B0655', '-13', 329, 'E1991']"
321,41,16,"['S480', '3', 300, 385, 'E1872']"
378,5,"['B3324', '-3', 390, 'E1872']"
383,6,10,"['S504', '4', 339, 428, 'E1980']"
399,1,"['B4422', '-4', 429, 'E1980']"
400,10,11,"['S475', '2', 359, 447, 'E1846']"
421,2,"['B1559', '-2', 449, 'E1846']"
423,3,9,"['A089', '0']"
new task..............,hasoto,1
594,"['A089', '0']"
594,7,"['B6640', '38']"
601,1,23,"['B7337', '23']"
625,2,19,"['B3865', '44']"
646,5,25,"['S485', '2', 599, 687, 'E1882']"
676,2,"['B3035', '-2', 689, 'E1882']"
678,4,9,"['S475', '2', 603, 692, 'E1857']"
691,1,"['B0479', '-2', 693, 'E1857']"
692,1,9,"['S478', '1', 618, 704, 'E1868']"
702,4,"['B0497', '-1', 708, 'E1868']"
706,6,8,"['A089', '0']"
319,1296
new crir
new task..............,hasoto,0
0,"['A089', '0']"
0,9,"['B7495', '24']"
9,1,20,"['B1228', '24']"
30,1,20,"['B8743', '30']"
51,1,21,"['B6575', '43']"
73,11,25,"['A089', '0']"
new task..............,hasoto,0
109,"['A089', '0']"
109,5,"['B2383', '26']"
114,1,20,"['B4754', '36']"
135,1,23,"['B7939', '40']"
159,2,24,"['B5620', '24']"
185,4,20,"['A089', '0']"
new task..............,hasoto,1
209,"['A089', '0']"
209,11,"['B7669', '48']"
220,0,26,"['S506', '1', 243, 330, 'E1986']"
246,3,"['B5767', '-1', 333, 'E1986']"
249,5,8,"['S495', '1', 240, 322, 'E1907']"
262,8,"['B8657', '-1', 330, 'E1907']"
270,9,8,"['S475', '1', 240, 298, 'E1860']"
287,32,"['B0870', '-1', 330, 'E1860']"
319,30,8,"['S479', '3', 278, 359, 'E1871']"
357,9,"['B4047', '-3', 368, 'E1871']"
366,14,10,"['B5682', '44']"
390,2,25,"['B1541', '47']"
417,11,26,"['A089', '0']"
new task..............,hasoto,0
621,"['A089', '0']"
621,6,"['B2006', '39']"
627,1,24,"['B5446', '34']"
652,1,22,"['B4416', '40']"
675,8,24,"['A089', '0']"
320,707
new crir
new task..............,hasoto,0
0,"['A089', '0']"
0,11,"['B3219', '27']"
11,1,21,"['B7524', '28']"
33,1,21,"['B6070', '62']"
55,10,29,"['A089', '0']"
new task..............,hasoto,0
94,"['A089', '0']"
94,12,"['B7451', '36']"
106,1,23,"['B0320', '38']"
130,1,23,"['B8281', '36']"
154,13,23,"['A089', '0']"
new task..............,hasoto,0
190,"['A089', '0']"
190,8,"['B3023', '70']"
198,2,30,"['B4422', '43']"
230,9,25,"['A089', '0']"
new task..............,hasoto,0
264,"['A089', '0']"
264,1,"['B0479', '34']"
265,2,22,"['B4403', '46']"
289,1,25,"['B7218', '17']"
315,2,17,"['B0497', '13']"
334,6,16,"['A089', '0']"
new task..............,hasoto,0
356,"['A089', '0']"
356,10,"['B5237', '32']"
366,1,22,"['B3551', '24']"
389,2,20,"['B7411', '28']"
411,1,21,"['B0683', '33']"
433,12,22,"['A089', '0']"
new task..............,hasoto,1
467,"['A089', '0']"
467,5,"['B1257', '42']"
472,1,24,"['B6431', '29']"
497,9,21,"['S473', '4', 471, 556, 'E1838']"
527,5,"['B3865', '-4', 561, 'E1838']"
532,7,11,"['S503', '1', 515, 603, 'E1970']"
550,2,"['B1541', '-1', 605, 'E1970']"
552,1,8,"['S504', '5', 520, 608, 'E1979']"
561,2,"['B4416', '-5', 610, 'E1979']"
563,2,12,"['S503', '1', 490, 578, 'E1971']"
577,2,"['B3023', '-1', 580, 'E1971']"
579,12,8,"['B3238', '52']"
599,9,27,"['S475', '2', 615, 700, 'E1848']"
635,5,"['B2426', '-2', 705, 'E1848']"
640,9,9,"['S508', '4', 614, 702, 'E1990']"
658,2,"['B4110', '-4', 704, 'E1990']"
660,15,11,"['A089', '0']"
321,1136
new crir
new task..............,hasoto,0
0,"['A089', '0']"
0,11,"['B1898', '51']"
11,1,26,"['B4962', '32']"
38,3,22,"['B0131', '48']"
63,9,26,"['A089', '0']"
new task..............,hasoto,0
98,"['A089', '0']"
98,11,"['B4433', '32']"
109,1,22,"['B7328', '30']"
132,1,21,"['B5980', '36']"
154,1,23,"['B3640', '32']"
178,9,22,"['A089', '0']"
new task..............,hasoto,0
209,"['A089', '0']"
209,8,"['B9133', '23']"
217,2,19,"['B0658', '42']"
238,3,24,"['B6419', '34']"
265,1,22,"['B3381', '21']"
288,10,19,"['A089', '0']"
new task..............,hasoto,0
317,"['A089', '0']"
317,6,"['B4500', '48']"
323,1,26,"['B9150', '37']"
350,1,23,"['B6415', '32']"
374,1,22,"['B3583', '15']"
397,4,17,"['A089', '0']"
new task..............,hasoto,0
418,"['A089', '0']"
418,6,"['B3486', '40']"
424,2,24,"['B5905', '38']"
450,6,23,"['A089', '0']"
new task..............,hasoto,0
479,"['A089', '0']"
479,6,"['B3496', '42']"
485,1,24,"['B8657', '27']"
510,1,21,"['B4389', '35']"
532,8,23,"['A089', '0']"
new task..............,hasoto,0
563,"['A089', '0']"
563,9,"['B7605', '42']"
572,1,24,"['B5767', '44']"
597,1,25,"['B1381', '42']"
623,7,24,"['A089', '0']"
322,654
new crir
new task..............,hasoto,0
0,"['A089', '0']"
0,10,"['B7139', '33']"
10,1,22,"['B4080', '36']"
33,1,23,"['B7305', '46']"
57,10,25,"['A089', '0']"
new task..............,hasoto,0
92,"['A089', '0']"
92,3,"['B2547', '44']"
95,1,25,"['B2426', '46']"
121,1,25,"['B8832', '38']"
147,5,23,"['A089', '0']"
new task..............,hasoto,0
175,"['A089', '0']"
175,8,"['B0937', '45']"
183,2,25,"['B1938', '65']"
210,9,29,"['A089', '0']"
new task..............,hasoto,1
248,"['A089', '0']"
248,4,"['B3807', '40']"
252,5,24,"['S495', '2', 279, 282, 'E1906']"
281,87,"['B5612', '-2', 369, 'E1906']"
368,89,9,"['B8338', '29']"
466,1,21,"['B0839', '69']"
488,5,30,"['A089', '0']"
323,582
