new crir
new task..............,hasoto,0
0,"['A092', '0']"
0,6,"['B3878', '47']"
6,1,26,"['B1596', '38']"
33,2,23,"['B8940', '13']"
58,1,16,"['B8107', '14']"
75,7,16,"['A092', '0']"
new task..............,hasoto,0
98,"['A092', '0']"
98,5,"['B3076', '90']"
103,2,33,"['B1449', '18']"
138,5,18,"['A092', '0']"
new task..............,hasoto,1
161,"['A092', '0']"
161,6,"['B0869', '50']"
167,2,26,"['B6227', '37']"
195,1,23,"['B3245', '44']"
219,7,25,"['S456', '4', 243, 331, 'E1720']"
251,2,"['B7742', '-4', 333, 'E1720']"
253,2,11,"['S457', '1', 230, 311, 'E1723']"
266,9,"['B8522', '-1', 320, 'E1723']"
275,12,8,"['S447', '2', 268, 355, 'E1696']"
295,3,"['B4107', '-2', 358, 'E1696']"
298,5,9,"['A092', '0']"
new task..............,hasoto,1
458,"['A092', '0']"
458,7,"['B8774', '50']"
465,1,26,"['S420', '1', 424, 502, 'E1611']"
492,12,"['B1001', '-1', 514, 'E1611']"
504,12,8,"['B4778', '51']"
524,8,26,"['S428', '3', 525, 609, 'E1646']"
558,6,"['B1916', '-3', 615, 'E1646']"
564,15,10,"['S448', '1', 578, 658, 'E1697']"
589,10,"['B6801', '-1', 668, 'E1697']"
599,8,8,"['S457', '1', 578, 667, 'E1722']"
615,1,"['B7500', '-1', 668, 'E1722']"
616,1,8,"['S457', '1', 556, 631, 'E1721']"
625,15,"['B6640', '-1', 646, 'E1721']"
640,17,8,"['S454', '22', 627, 713, 'E1717']"
665,4,"['B2643', '-22', 717, 'E1717']"
669,16,19,"['S429', '2', 622, 711, 'E1647']"
704,1,"['B1596', '-2', 712, 'E1647']"
705,6,9,"['A092', '0']"
327,1145
new crir
new task..............,hasoto,0
0,"['A092', '0']"
0,6,"['B2730', '78']"
6,3,31,"['B7668', '36']"
40,1,23,"['B2075', '22']"
64,3,19,"['A092', '0']"
new task..............,hasoto,0
86,"['A092', '0']"
86,9,"['B1421', '45']"
95,2,25,"['B4371', '27']"
122,1,21,"['B9101', '35']"
144,7,23,"['A092', '0']"
new task..............,hasoto,0
174,"['A092', '0']"
174,4,"['B9173', '39']"
178,1,24,"['B4107', '55']"
203,2,27,"['B0140', '32']"
232,3,22,"['A092', '0']"
new task..............,hasoto,0
257,"['A092', '0']"
257,7,"['B0304', '48']"
264,1,26,"['B6913', '67']"
291,8,30,"['A092', '0']"
new task..............,hasoto,1
329,"['A092', '0']"
329,7,"['B3569', '39']"
336,1,24,"['B7742', '29']"
361,1,21,"['B0471', '41']"
383,1,24,"['B7500', '27']"
408,3,21,"['S450', '2', 377, 454, 'E1706']"
432,13,"['B9155', '-2', 467, 'E1706']"
445,15,9,"['A092', '0']"
328,764
new crir
new task..............,hasoto,0
0,"['A092', '0']"
0,6,"['B3878', '47']"
6,1,26,"['B1596', '38']"
33,2,23,"['B8940', '13']"
58,1,16,"['B8107', '14']"
75,7,16,"['A092', '0']"
new task..............,hasoto,0
98,"['A092', '0']"
98,5,"['B3076', '90']"
103,2,33,"['B1449', '18']"
138,5,18,"['A092', '0']"
new task..............,hasoto,1
161,"['A092', '0']"
161,6,"['B0869', '50']"
167,2,26,"['B6227', '37']"
195,1,23,"['B3245', '44']"
219,7,25,"['S456', '4', 243, 331, 'E1720']"
251,2,"['B7742', '-4', 333, 'E1720']"
253,2,11,"['S457', '1', 230, 311, 'E1723']"
266,9,"['B8522', '-1', 320, 'E1723']"
275,12,8,"['S447', '2', 268, 355, 'E1696']"
295,3,"['B4107', '-2', 358, 'E1696']"
298,5,9,"['A092', '0']"
new task..............,hasoto,1
458,"['A092', '0']"
458,7,"['B8774', '50']"
465,1,26,"['S420', '1', 424, 502, 'E1611']"
492,12,"['B1001', '-1', 514, 'E1611']"
504,12,8,"['B4778', '51']"
524,8,26,"['S428', '3', 525, 609, 'E1646']"
558,6,"['B1916', '-3', 615, 'E1646']"
564,15,10,"['S448', '1', 578, 658, 'E1697']"
589,10,"['B6801', '-1', 668, 'E1697']"
599,8,8,"['S457', '1', 578, 667, 'E1722']"
615,1,"['B7500', '-1', 668, 'E1722']"
616,1,8,"['S457', '1', 556, 631, 'E1721']"
625,15,"['B6640', '-1', 646, 'E1721']"
640,17,8,"['S454', '22', 627, 713, 'E1717']"
665,4,"['B2643', '-22', 717, 'E1717']"
669,16,19,"['S429', '2', 622, 711, 'E1647']"
704,1,"['B1596', '-2', 712, 'E1647']"
705,6,9,"['A092', '0']"
327,1145
new crir
new task..............,hasoto,0
0,"['A092', '0']"
0,6,"['B2730', '78']"
6,3,31,"['B7668', '36']"
40,1,23,"['B2075', '22']"
64,3,19,"['A092', '0']"
new task..............,hasoto,0
86,"['A092', '0']"
86,9,"['B1421', '45']"
95,2,25,"['B4371', '27']"
122,1,21,"['B9101', '35']"
144,7,23,"['A092', '0']"
new task..............,hasoto,0
174,"['A092', '0']"
174,4,"['B9173', '39']"
178,1,24,"['B4107', '55']"
203,2,27,"['B0140', '32']"
232,3,22,"['A092', '0']"
new task..............,hasoto,0
257,"['A092', '0']"
257,7,"['B0304', '48']"
264,1,26,"['B6913', '67']"
291,8,30,"['A092', '0']"
new task..............,hasoto,1
329,"['A092', '0']"
329,7,"['B3569', '39']"
336,1,24,"['B7742', '29']"
361,1,21,"['B0471', '41']"
383,1,24,"['B7500', '27']"
408,3,21,"['S450', '2', 377, 454, 'E1706']"
432,13,"['B9155', '-2', 467, 'E1706']"
445,15,9,"['A092', '0']"
328,764
