new crir
new task..............,hasoto,0
0,"['A097', '0']"
0,17,"['B0094', '46']"
17,1,25,"['B4522', '33']"
43,1,22,"['B6748', '23']"
66,3,19,"['B1073', '26']"
88,4,20,"['B4760', '7']"
112,3,13,"['B5752', '3']"
128,22,10,"['A097', '0']"
new task..............,hasoto,0
160,"['A097', '0']"
160,13,"['B4001', '24']"
173,2,20,"['B1699', '66']"
195,1,29,"['B7111', '40']"
225,15,24,"['A097', '0']"
new task..............,hasoto,0
264,"['A097', '0']"
264,6,"['B1053', '49']"
270,2,26,"['B7924', '15']"
298,1,17,"['B4629', '27']"
316,4,21,"['B6346', '10']"
341,2,14,"['B6254', '11']"
357,2,15,"['B2436', '1']"
374,2,8,"['B6914', '10']"
384,3,14,"['B6886', '3']"
401,5,10,"['B2659', '11']"
416,13,15,"['A097', '0']"
new task..............,hasoto,1
444,"['A098', '0']"
444,6,"['B6392', '43']"
450,3,25,"['S304', '1', 390, 479, 'E1131']"
478,1,"['B4459', '-1', 480, 'E1131']"
479,2,8,"['S299', '2', 456, 542, 'E1110']"
489,4,"['B6477', '-2', 546, 'E1110']"
493,4,9,"['S300', '17', 430, 518, 'E1113']"
506,2,"['B1280', '-17', 520, 'E1113']"
508,7,17,"['S323', '1', 471, 544, 'E1170']"
532,17,"['B5442', '-1', 561, 'E1170']"
549,11,8,"['S300', '6', 486, 572, 'E1122']"
568,4,"['B6477', '-6', 576, 'E1122']"
572,9,12,"['S326', '1', 513, 601, 'E1178']"
593,2,"['B6251', '-1', 603, 'E1178']"
595,3,8,"['S320', '1', 582, 662, 'E1164']"
606,10,"['B7433', '-1', 672, 'E1164']"
616,8,8,"['S300', '9', 544, 632, 'E1114']"
632,2,"['B1280', '-9', 634, 'E1114']"
634,2,14,"['S300', '6', 565, 650, 'E1119']"
650,5,"['B4064', '-6', 655, 'E1119']"
655,4,12,"['B2115', '27']"
671,1,21,"['B5323', '29']"
693,7,21,"['A098', '0']"
362,1144
new crir
new task..............,hasoto,0
0,"['A098', '0']"
0,3,"['B3004', '18']"
3,2,18,"['B2419', '52']"
23,1,27,"['B7137', '28']"
51,1,21,"['B8614', '37']"
73,3,23,"['A098', '0']"
new task..............,hasoto,0
99,"['A098', '0']"
99,6,"['B1576', '74']"
105,2,31,"['B4208', '54']"
138,5,27,"['A098', '0']"
new task..............,hasoto,1
170,"['A098', '0']"
170,5,"['B0302', '65']"
175,1,29,"['B6027', '35']"
205,2,23,"['B6257', '27']"
230,10,21,"['S299', '2', 214, 304, 'E1107']"
261,0,"['B6028', '-2', 304, 'E1107']"
261,0,9,"['S299', '1', 221, 307, 'E1105']"
270,4,"['B5722', '-1', 311, 'E1105']"
274,5,8,"['S317', '2', 230, 316, 'E1157']"
287,4,"['B6648', '-2', 320, 'E1157']"
291,2,9,"['S320', '1', 233, 317, 'E1162']"
302,6,"['B4054', '-1', 323, 'E1162']"
308,13,8,"['S300', '8', 251, 339, 'E1112']"
329,2,"['B1280', '-8', 341, 'E1112']"
331,2,13,"['S300', '9', 260, 346, 'E1117']"
346,4,"['B0313', '-9', 350, 'E1117']"
350,4,14,"['S299', '2', 288, 378, 'E1109']"
368,0,"['B6028', '-2', 378, 'E1109']"
368,0,9,"['S300', '9', 291, 380, 'E1123']"
377,1,"['B7884', '-9', 381, 'E1123']"
378,1,14,"['S300', '18', 323, 406, 'E1120']"
393,7,"['B5810', '-18', 413, 'E1120']"
400,15,18,"['S326', '7', 358, 447, 'E1176']"
433,1,"['B3452', '-7', 448, 'E1176']"
434,3,13,"['S323', '1', 371, 454, 'E1169']"
450,7,"['B0155', '-1', 461, 'E1169']"
457,12,8,"['S317', '1', 407, 478, 'E1156']"
477,19,"['B3915', '-1', 497, 'E1156']"
496,17,8,"['S326', '2', 502, 591, 'E1177']"
521,1,"['B3452', '-2', 592, 'E1177']"
522,5,9,"['A098', '0']"
363,689
new crir
new task..............,hasoto,0
0,"['A098', '0']"
0,4,"['B4663', '42']"
4,1,24,"['B0661', '79']"
29,5,32,"['A098', '0']"
new task..............,hasoto,0
66,"['A098', '0']"
66,9,"['B8652', '21']"
75,1,19,"['B1443', '55']"
95,2,27,"['B7894', '46']"
124,7,25,"['A098', '0']"
new task..............,hasoto,1
156,"['A098', '0']"
156,4,"['B4917', '33']"
160,1,22,"['B1347', '40']"
183,1,24,"['B6806', '47']"
208,9,26,"['S300', '8', 240, 328, 'E1111']"
243,2,"['B1280', '-8', 330, 'E1111']"
245,5,13,"['S320', '1', 259, 342, 'E1163']"
263,7,"['B7252', '-1', 349, 'E1163']"
270,6,8,"['S299', '3', 273, 360, 'E1106']"
284,3,"['B5890', '-3', 363, 'E1106']"
287,3,10,"['S299', '1', 290, 374, 'E1104']"
300,6,"['B0442', '-1', 380, 'E1104']"
306,7,8,"['S326', '2', 290, 379, 'E1175']"
321,1,"['B3452', '-2', 380, 'E1175']"
322,9,9,"['S300', '8', 337, 420, 'E1116']"
340,7,"['B2605', '-8', 427, 'E1116']"
347,1,13,"['A098', '0']"
new task..............,hasoto,0
492,"['A098', '0']"
492,7,"['B6028', '54']"
499,1,27,"['B2555', '40']"
527,8,24,"['A098', '0']"
new task..............,hasoto,1
559,"['A098', '0']"
559,6,"['B2779', '88']"
565,1,33,"['B6251', '36']"
599,2,23,"['S326', '2', 620, 708, 'E1179']"
624,2,"['B6257', '-2', 710, 'E1179']"
626,5,9,"['S320', '1', 623, 701, 'E1165']"
640,12,"['B7476', '-1', 713, 'E1165']"
652,7,8,"['S300', '3', 592, 682, 'E1121']"
667,0,"['B6028', '-3', 682, 'E1121']"
667,0,10,"['S300', '13', 625, 711, 'E1124']"
677,4,"['B8976', '-13', 715, 'E1124']"
681,4,16,"['S300', '12', 620, 707, 'E1115']"
701,3,"['B2115', '-12', 710, 'E1115']"
704,7,15,"['A098', '0']"
364,1261
new crir
new task..............,hasoto,0
0,"['A098', '0']"
0,2,"['B2965', '30']"
2,3,21,"['B5400', '54']"
26,1,27,"['B4696', '27']"
54,2,21,"['B6771', '15']"
77,3,17,"['A098', '0']"
new task..............,hasoto,0
97,"['A098', '0']"
97,5,"['B6477', '57']"
102,1,28,"['B2152', '54']"
131,4,27,"['A098', '0']"
new task..............,hasoto,0
162,"['A098', '0']"
162,3,"['B0442', '53']"
165,5,27,"['B7922', '75']"
197,3,31,"['A098', '0']"
new task..............,hasoto,0
231,"['A098', '0']"
231,2,"['B8518', '40']"
233,1,24,"['B8877', '28']"
258,2,21,"['B3627', '57']"
281,3,28,"['A098', '0']"
new task..............,hasoto,0
312,"['A098', '0']"
312,5,"['B2053', '42']"
317,1,24,"['B4622', '41']"
342,1,24,"['B7884', '37']"
367,7,23,"['A098', '0']"
new task..............,hasoto,0
397,"['A098', '0']"
397,3,"['B6370', '33']"
400,1,22,"['B8868', '58']"
423,4,28,"['A098', '0']"
new task..............,hasoto,0
455,"['A098', '0']"
455,5,"['B3452', '29']"
460,2,21,"['B6648', '9']"
483,2,14,"['B0655', '38']"
499,1,23,"['B6991', '49']"
523,2,26,"['A098', '0']"
new task..............,hasoto,0
551,"['A098', '0']"
551,7,"['B4459', '54']"
558,2,27,"['B1280', '55']"
587,6,27,"['A098', '0']"
new task..............,hasoto,1
620,"['A098', '0']"
620,3,"['B8375', '32']"
623,4,22,"['S299', '3', 628, 715, 'E1103']"
649,3,"['B2115', '-3', 718, 'E1103']"
652,6,10,"['B2605', '59']"
668,1,28,"['A098', '0']"
365,1296
new crir
new task..............,hasoto,0
0,"['A097', '0']"
0,17,"['B0094', '46']"
17,1,25,"['B4522', '33']"
43,1,22,"['B6748', '23']"
66,3,19,"['B1073', '26']"
88,4,20,"['B4760', '7']"
112,3,13,"['B5752', '3']"
128,22,10,"['A097', '0']"
new task..............,hasoto,0
160,"['A097', '0']"
160,13,"['B4001', '24']"
173,2,20,"['B1699', '66']"
195,1,29,"['B7111', '40']"
225,15,24,"['A097', '0']"
new task..............,hasoto,0
264,"['A097', '0']"
264,6,"['B1053', '49']"
270,2,26,"['B7924', '15']"
298,1,17,"['B4629', '27']"
316,4,21,"['B6346', '10']"
341,2,14,"['B6254', '11']"
357,2,15,"['B2436', '1']"
374,2,8,"['B6914', '10']"
384,3,14,"['B6886', '3']"
401,5,10,"['B2659', '11']"
416,13,15,"['A097', '0']"
new task..............,hasoto,1
444,"['A098', '0']"
444,6,"['B6392', '43']"
450,3,25,"['S304', '1', 390, 479, 'E1131']"
478,1,"['B4459', '-1', 480, 'E1131']"
479,2,8,"['S299', '2', 456, 542, 'E1110']"
489,4,"['B6477', '-2', 546, 'E1110']"
493,4,9,"['S300', '17', 430, 518, 'E1113']"
506,2,"['B1280', '-17', 520, 'E1113']"
508,7,17,"['S323', '1', 471, 544, 'E1170']"
532,17,"['B5442', '-1', 561, 'E1170']"
549,11,8,"['S300', '6', 486, 572, 'E1122']"
568,4,"['B6477', '-6', 576, 'E1122']"
572,9,12,"['S326', '1', 513, 601, 'E1178']"
593,2,"['B6251', '-1', 603, 'E1178']"
595,3,8,"['S320', '1', 582, 662, 'E1164']"
606,10,"['B7433', '-1', 672, 'E1164']"
616,8,8,"['S300', '9', 544, 632, 'E1114']"
632,2,"['B1280', '-9', 634, 'E1114']"
634,2,14,"['S300', '6', 565, 650, 'E1119']"
650,5,"['B4064', '-6', 655, 'E1119']"
655,4,12,"['B2115', '27']"
671,1,21,"['B5323', '29']"
693,7,21,"['A098', '0']"
362,1144
new crir
new task..............,hasoto,0
0,"['A098', '0']"
0,3,"['B3004', '18']"
3,2,18,"['B2419', '52']"
23,1,27,"['B7137', '28']"
51,1,21,"['B8614', '37']"
73,3,23,"['A098', '0']"
new task..............,hasoto,0
99,"['A098', '0']"
99,6,"['B1576', '74']"
105,2,31,"['B4208', '54']"
138,5,27,"['A098', '0']"
new task..............,hasoto,1
170,"['A098', '0']"
170,5,"['B0302', '65']"
175,1,29,"['B6027', '35']"
205,2,23,"['B6257', '27']"
230,10,21,"['S299', '2', 214, 304, 'E1107']"
261,0,"['B6028', '-2', 304, 'E1107']"
261,0,9,"['S299', '1', 221, 307, 'E1105']"
270,4,"['B5722', '-1', 311, 'E1105']"
274,5,8,"['S317', '2', 230, 316, 'E1157']"
287,4,"['B6648', '-2', 320, 'E1157']"
291,2,9,"['S320', '1', 233, 317, 'E1162']"
302,6,"['B4054', '-1', 323, 'E1162']"
308,13,8,"['S300', '8', 251, 339, 'E1112']"
329,2,"['B1280', '-8', 341, 'E1112']"
331,2,13,"['S300', '9', 260, 346, 'E1117']"
346,4,"['B0313', '-9', 350, 'E1117']"
350,4,14,"['S299', '2', 288, 378, 'E1109']"
368,0,"['B6028', '-2', 378, 'E1109']"
368,0,9,"['S300', '9', 291, 380, 'E1123']"
377,1,"['B7884', '-9', 381, 'E1123']"
378,1,14,"['S300', '18', 323, 406, 'E1120']"
393,7,"['B5810', '-18', 413, 'E1120']"
400,15,18,"['S326', '7', 358, 447, 'E1176']"
433,1,"['B3452', '-7', 448, 'E1176']"
434,3,13,"['S323', '1', 371, 454, 'E1169']"
450,7,"['B0155', '-1', 461, 'E1169']"
457,12,8,"['S317', '1', 407, 478, 'E1156']"
477,19,"['B3915', '-1', 497, 'E1156']"
496,17,8,"['S326', '2', 502, 591, 'E1177']"
521,1,"['B3452', '-2', 592, 'E1177']"
522,5,9,"['A098', '0']"
363,689
new crir
new task..............,hasoto,0
0,"['A098', '0']"
0,4,"['B4663', '42']"
4,1,24,"['B0661', '79']"
29,5,32,"['A098', '0']"
new task..............,hasoto,0
66,"['A098', '0']"
66,9,"['B8652', '21']"
75,1,19,"['B1443', '55']"
95,2,27,"['B7894', '46']"
124,7,25,"['A098', '0']"
new task..............,hasoto,1
156,"['A098', '0']"
156,4,"['B4917', '33']"
160,1,22,"['B1347', '40']"
183,1,24,"['B6806', '47']"
208,9,26,"['S300', '8', 240, 328, 'E1111']"
243,2,"['B1280', '-8', 330, 'E1111']"
245,5,13,"['S320', '1', 259, 342, 'E1163']"
263,7,"['B7252', '-1', 349, 'E1163']"
270,6,8,"['S299', '3', 273, 360, 'E1106']"
284,3,"['B5890', '-3', 363, 'E1106']"
287,3,10,"['S299', '1', 290, 374, 'E1104']"
300,6,"['B0442', '-1', 380, 'E1104']"
306,7,8,"['S326', '2', 290, 379, 'E1175']"
321,1,"['B3452', '-2', 380, 'E1175']"
322,9,9,"['S300', '8', 337, 420, 'E1116']"
340,7,"['B2605', '-8', 427, 'E1116']"
347,1,13,"['A098', '0']"
new task..............,hasoto,0
492,"['A098', '0']"
492,7,"['B6028', '54']"
499,1,27,"['B2555', '40']"
527,8,24,"['A098', '0']"
new task..............,hasoto,1
559,"['A098', '0']"
559,6,"['B2779', '88']"
565,1,33,"['B6251', '36']"
599,2,23,"['S326', '2', 620, 708, 'E1179']"
624,2,"['B6257', '-2', 710, 'E1179']"
626,5,9,"['S320', '1', 623, 701, 'E1165']"
640,12,"['B7476', '-1', 713, 'E1165']"
652,7,8,"['S300', '3', 592, 682, 'E1121']"
667,0,"['B6028', '-3', 682, 'E1121']"
667,0,10,"['S300', '13', 625, 711, 'E1124']"
677,4,"['B8976', '-13', 715, 'E1124']"
681,4,16,"['S300', '12', 620, 707, 'E1115']"
701,3,"['B2115', '-12', 710, 'E1115']"
704,7,15,"['A098', '0']"
364,1261
new crir
new task..............,hasoto,0
0,"['A098', '0']"
0,2,"['B2965', '30']"
2,3,21,"['B5400', '54']"
26,1,27,"['B4696', '27']"
54,2,21,"['B6771', '15']"
77,3,17,"['A098', '0']"
new task..............,hasoto,0
97,"['A098', '0']"
97,5,"['B6477', '57']"
102,1,28,"['B2152', '54']"
131,4,27,"['A098', '0']"
new task..............,hasoto,0
162,"['A098', '0']"
162,3,"['B0442', '53']"
165,5,27,"['B7922', '75']"
197,3,31,"['A098', '0']"
new task..............,hasoto,0
231,"['A098', '0']"
231,2,"['B8518', '40']"
233,1,24,"['B8877', '28']"
258,2,21,"['B3627', '57']"
281,3,28,"['A098', '0']"
new task..............,hasoto,0
312,"['A098', '0']"
312,5,"['B2053', '42']"
317,1,24,"['B4622', '41']"
342,1,24,"['B7884', '37']"
367,7,23,"['A098', '0']"
new task..............,hasoto,0
397,"['A098', '0']"
397,3,"['B6370', '33']"
400,1,22,"['B8868', '58']"
423,4,28,"['A098', '0']"
new task..............,hasoto,0
455,"['A098', '0']"
455,5,"['B3452', '29']"
460,2,21,"['B6648', '9']"
483,2,14,"['B0655', '38']"
499,1,23,"['B6991', '49']"
523,2,26,"['A098', '0']"
new task..............,hasoto,0
551,"['A098', '0']"
551,7,"['B4459', '54']"
558,2,27,"['B1280', '55']"
587,6,27,"['A098', '0']"
new task..............,hasoto,1
620,"['A098', '0']"
620,3,"['B8375', '32']"
623,4,22,"['S299', '3', 628, 715, 'E1103']"
649,3,"['B2115', '-3', 718, 'E1103']"
652,6,10,"['B2605', '59']"
668,1,28,"['A098', '0']"
365,1296
