new crir
new task..............,hasoto,0
0,"['A102', '0']"
0,6,"['B8321', '20']"
6,1,18,"['B6556', '37']"
25,1,23,"['B4665', '25']"
49,2,20,"['B4669', '11']"
71,2,15,"['B8807', '10']"
88,2,14,"['B1176', '28']"
104,3,21,"['A102', '0']"
new task..............,hasoto,1
128,"['A102', '0']"
128,15,"['B2782', '19']"
143,2,18,"['B1678', '14']"
163,2,16,"['B0738', '26']"
181,2,20,"['B2321', '37']"
203,1,23,"['B6320', '24']"
227,10,20,"['S082', '3', 253, 340, 'E0152']"
257,3,"['B4342', '-3', 343, 'E0152']"
260,3,10,"['S082', '2', 226, 314, 'E0150']"
273,2,"['B1275', '-2', 316, 'E0150']"
275,4,9,"['A102', '0']"
new task..............,hasoto,1
400,"['A102', '0']"
400,8,"['B3840', '29']"
408,6,21,"['S082', '2', 348, 437, 'E0154']"
435,1,"['B8321', '-2', 438, 'E0154']"
436,4,9,"['S081', '2', 377, 455, 'E0146']"
449,12,"['B3425', '-2', 467, 'E0146']"
461,12,9,"['S081', '2', 405, 487, 'E0148']"
482,8,"['B5902', '-2', 495, 'E0148']"
490,3,9,"['S082', '3', 488, 577, 'E0153']"
502,1,"['B6556', '-3', 578, 'E0153']"
503,4,10,"['S081', '1', 438, 520, 'E0147']"
517,8,"['B4466', '-1', 528, 'E0147']"
525,18,8,"['S083', '1', 464, 553, 'E0155']"
551,1,"['B2838', '-1', 554, 'E0155']"
552,4,8,"['B5949', '29']"
564,2,21,"['B8331', '41']"
587,4,24,"['S082', '2', 541, 626, 'E0151']"
615,5,"['B2415', '-2', 631, 'E0151']"
620,8,9,"['S083', '1', 614, 703, 'E0156']"
637,1,"['B2838', '-1', 704, 'E0156']"
638,6,8,"['B4342', '39']"
652,6,24,"['A102', '0']"
391,1065
new crir
new task..............,hasoto,0
0,"['A102', '0']"
0,18,"['B2921', '22']"
18,2,19,"['B6102', '46']"
39,4,25,"['B3872', '26']"
68,13,20,"['A102', '0']"
new task..............,hasoto,0
101,"['A102', '0']"
101,5,"['B2240', '80']"
106,1,32,"['B0515', '28']"
139,6,21,"['A102', '0']"
new task..............,hasoto,0
166,"['A102', '0']"
166,3,"['B4314', '29']"
169,1,21,"['B1275', '62']"
191,1,29,"['B9169', '39']"
221,5,24,"['A102', '0']"
new task..............,hasoto,0
250,"['A102', '0']"
250,12,"['B5626', '24']"
262,2,20,"['B8746', '13']"
284,3,16,"['B3978', '31']"
303,1,22,"['B6532', '29']"
326,11,21,"['A102', '0']"
new task..............,hasoto,1
358,"['A102', '0']"
358,5,"['B3515', '41']"
363,2,24,"['B8131', '32']"
389,2,22,"['B7371', '63']"
413,14,29,"['S085', '2', 387, 475, 'E0159']"
456,2,"['B0198', '-2', 477, 'E0159']"
458,10,9,"['A102', '0']"
392,808
new crir
new task..............,hasoto,0
0,"['A102', '0']"
0,6,"['B8321', '20']"
6,1,18,"['B6556', '37']"
25,1,23,"['B4665', '25']"
49,2,20,"['B4669', '11']"
71,2,15,"['B8807', '10']"
88,2,14,"['B1176', '28']"
104,3,21,"['A102', '0']"
new task..............,hasoto,1
128,"['A102', '0']"
128,15,"['B2782', '19']"
143,2,18,"['B1678', '14']"
163,2,16,"['B0738', '26']"
181,2,20,"['B2321', '37']"
203,1,23,"['B6320', '24']"
227,10,20,"['S082', '3', 253, 340, 'E0152']"
257,3,"['B4342', '-3', 343, 'E0152']"
260,3,10,"['S082', '2', 226, 314, 'E0150']"
273,2,"['B1275', '-2', 316, 'E0150']"
275,4,9,"['A102', '0']"
new task..............,hasoto,1
400,"['A102', '0']"
400,8,"['B3840', '29']"
408,6,21,"['S082', '2', 348, 437, 'E0154']"
435,1,"['B8321', '-2', 438, 'E0154']"
436,4,9,"['S081', '2', 377, 455, 'E0146']"
449,12,"['B3425', '-2', 467, 'E0146']"
461,12,9,"['S081', '2', 405, 487, 'E0148']"
482,8,"['B5902', '-2', 495, 'E0148']"
490,3,9,"['S082', '3', 488, 577, 'E0153']"
502,1,"['B6556', '-3', 578, 'E0153']"
503,4,10,"['S081', '1', 438, 520, 'E0147']"
517,8,"['B4466', '-1', 528, 'E0147']"
525,18,8,"['S083', '1', 464, 553, 'E0155']"
551,1,"['B2838', '-1', 554, 'E0155']"
552,4,8,"['B5949', '29']"
564,2,21,"['B8331', '41']"
587,4,24,"['S082', '2', 541, 626, 'E0151']"
615,5,"['B2415', '-2', 631, 'E0151']"
620,8,9,"['S083', '1', 614, 703, 'E0156']"
637,1,"['B2838', '-1', 704, 'E0156']"
638,6,8,"['B4342', '39']"
652,6,24,"['A102', '0']"
391,1065
new crir
new task..............,hasoto,0
0,"['A102', '0']"
0,18,"['B2921', '22']"
18,2,19,"['B6102', '46']"
39,4,25,"['B3872', '26']"
68,13,20,"['A102', '0']"
new task..............,hasoto,0
101,"['A102', '0']"
101,5,"['B2240', '80']"
106,1,32,"['B0515', '28']"
139,6,21,"['A102', '0']"
new task..............,hasoto,0
166,"['A102', '0']"
166,3,"['B4314', '29']"
169,1,21,"['B1275', '62']"
191,1,29,"['B9169', '39']"
221,5,24,"['A102', '0']"
new task..............,hasoto,0
250,"['A102', '0']"
250,12,"['B5626', '24']"
262,2,20,"['B8746', '13']"
284,3,16,"['B3978', '31']"
303,1,22,"['B6532', '29']"
326,11,21,"['A102', '0']"
new task..............,hasoto,1
358,"['A102', '0']"
358,5,"['B3515', '41']"
363,2,24,"['B8131', '32']"
389,2,22,"['B7371', '63']"
413,14,29,"['S085', '2', 387, 475, 'E0159']"
456,2,"['B0198', '-2', 477, 'E0159']"
458,10,9,"['A102', '0']"
392,808
