new crir
new task..............,hasoto,0
0,"['A103', '0']"
0,5,"['B3816', '16']"
5,3,17,"['B5787', '11']"
25,3,15,"['B1755', '23']"
43,2,19,"['B8045', '8']"
64,3,13,"['B2067', '11']"
80,8,15,"['B7620', '18']"
103,1,18,"['B2695', '24']"
122,4,20,"['A103', '0']"
new task..............,hasoto,0
146,"['A103', '0']"
146,3,"['B5020', '31']"
149,7,22,"['B6161', '23']"
178,3,19,"['B6000', '7']"
200,3,13,"['B1052', '15']"
216,3,17,"['B6253', '13']"
236,2,16,"['B4607', '10']"
254,3,14,"['B4225', '21']"
271,2,19,"['A103', '0']"
new task..............,hasoto,0
292,"['A103', '0']"
292,12,"['B0271', '52']"
304,3,27,"['B3945', '12']"
334,4,15,"['B8686', '14']"
353,2,16,"['B0753', '57']"
371,13,28,"['A103', '0']"
new task..............,hasoto,0
412,"['A103', '0']"
412,8,"['B6701', '2']"
420,6,9,"['B7768', '3']"
435,4,10,"['B4018', '2']"
449,3,9,"['B3805', '4']"
461,6,11,"['B7042', '18']"
478,2,18,"['B3491', '37']"
498,2,23,"['B0401', '36']"
523,2,23,"['A103', '0']"
new task..............,hasoto,0
548,"['A103', '0']"
548,19,"['B4795', '13']"
567,2,16,"['B4736', '28']"
585,2,21,"['B6724', '7']"
608,4,13,"['B4005', '10']"
625,4,14,"['B0090', '41']"
643,2,24,"['B4827', '22']"
669,14,19,"['A103', '0']"
395,702
new crir
new task..............,hasoto,0
0,"['A104', '0']"
0,4,"['B4482', '64']"
4,1,29,"['B8196', '50']"
34,5,26,"['A104', '0']"
new task..............,hasoto,0
65,"['A104', '0']"
65,2,"['B5985', '55']"
67,2,27,"['A104', '0']"
new task..............,hasoto,0
96,"['A104', '0']"
96,4,"['B3775', '57']"
100,1,28,"['B2719', '53']"
129,3,27,"['A104', '0']"
new task..............,hasoto,1
159,"['A104', '0']"
159,5,"['B8167', '47']"
164,1,26,"['B4723', '52']"
191,1,27,"['B2400', '35']"
219,4,23,"['S459', '1', 233, 320, 'E1726']"
246,3,"['B3024', '-1', 323, 'E1726']"
249,3,8,"['S459', '1', 226, 313, 'E1731']"
260,3,"['B6187', '-1', 316, 'E1731']"
263,3,8,"['S459', '1', 272, 359, 'E1727']"
274,3,"['B3024', '-1', 362, 'E1727']"
277,3,8,"['S459', '3', 268, 356, 'E1728']"
288,2,"['B4482', '-3', 358, 'E1728']"
290,3,10,"['S442', '1', 264, 349, 'E1685']"
303,5,"['B4702', '-1', 354, 'E1685']"
308,11,8,"['S449', '1', 240, 327, 'E1699']"
327,3,"['B2731', '-1', 330, 'E1699']"
330,3,8,"['S449', '1', 270, 353, 'E1705']"
341,7,"['B8731', '-1', 360, 'E1705']"
348,12,8,"['S442', '1', 292, 382, 'E1690']"
368,0,"['B8167', '-1', 382, 'E1690']"
368,0,8,"['S443', '1', 311, 395, 'E1691']"
376,6,"['B2336', '-1', 401, 'E1691']"
382,6,8,"['S442', '2', 322, 405, 'E1684']"
396,7,"['B3024', '-2', 412, 'E1684']"
403,3,9,"['S458', '3', 355, 442, 'E1725']"
415,3,"['B6187', '-3', 445, 'E1725']"
418,5,10,"['S451', '1', 390, 479, 'E1709']"
433,1,"['B4950', '-1', 480, 'E1709']"
434,1,8,"['A104', '0']"
new task..............,hasoto,1
593,"['A104', '0']"
593,1,"['B3988', '43']"
594,2,25,"['S451', '1', 541, 630, 'E1708']"
621,1,"['B1855', '-1', 631, 'E1708']"
622,3,8,"['S459', '7', 576, 664, 'E1729']"
633,2,"['B5087', '-7', 666, 'E1729']"
635,5,13,"['B5841', '44']"
653,3,25,"['B0821', '38']"
681,0,23,"['A104', '0']"
396,1278
new crir
new task..............,hasoto,0
0,"['A104', '0']"
0,5,"['B0343', '44']"
5,1,25,"['B3081', '37']"
31,1,23,"['B8788', '38']"
55,6,23,"['A104', '0']"
new task..............,hasoto,0
84,"['A104', '0']"
84,4,"['B1151', '40']"
88,1,24,"['B2933', '54']"
113,1,27,"['B5227', '36']"
141,5,23,"['A104', '0']"
new task..............,hasoto,0
169,"['A104', '0']"
169,3,"['B8719', '34']"
172,1,22,"['B4309', '19']"
195,1,18,"['B6683', '27']"
214,1,21,"['B5558', '41']"
236,3,24,"['A104', '0']"
new task..............,hasoto,1
263,"['A104', '0']"
263,2,"['B1855', '60']"
265,3,28,"['S459', '2', 272, 314, 'E1730']"
296,48,"['B5722', '-2', 362, 'E1730']"
344,47,9,"['S442', '1', 331, 418, 'E1689']"
400,3,"['B5558', '-1', 421, 'E1689']"
403,5,8,"['B7329', '61']"
416,3,28,"['A104', '0']"
397,694
new crir
new task..............,hasoto,0
0,"['A104', '0']"
0,2,"['B5189', '38']"
2,1,23,"['B7688', '37']"
26,1,23,"['B3696', '47']"
50,3,26,"['A104', '0']"
new task..............,hasoto,0
79,"['A104', '0']"
79,4,"['B1391', '72']"
83,2,30,"['B5087', '38']"
115,3,23,"['A104', '0']"
new task..............,hasoto,0
141,"['A104', '0']"
141,2,"['B8288', '35']"
143,3,23,"['B4950', '75']"
169,1,31,"['A104', '0']"
new task..............,hasoto,1
201,"['A104', '0']"
201,2,"['B7264', '35']"
203,2,23,"['B5413', '31']"
228,1,22,"['B0380', '56']"
251,4,27,"['S449', '1', 277, 359, 'E1700']"
282,8,"['B3623', '-1', 367, 'E1700']"
290,8,8,"['S449', '1', 280, 326, 'E1702']"
306,44,"['B5722', '-1', 370, 'E1702']"
350,44,8,"['A104', '0']"
398,506
new crir
new task..............,hasoto,1
460,"['A104', '0']"
460,1,"['S449', 1, 461, 507, 'E1703']"
461,44,"['B5722', -1, 551, 'E1703']"
505,48,8,"['S460', 1, 493, 581, 'E1732']"
561,2,"['B7329', -1, 583, 'E1732']"
563,3,8,"['S449', 1, 507, 591, 'E1701']"
574,6,"['B4835', -1, 597, 'E1701']"
580,5,8,"['S442', 1, 545, 631, 'E1688']"
593,4,"['B5087', -1, 635, 'E1688']"
597,3,8,"['S449', 1, 546, 592, 'E1704']"
608,44,"['B5722', -1, 636, 'E1704']"
652,44,8,"['A104', '0']"
399,0
new crir
new task..............,hasoto,0
0,"['A103', '0']"
0,5,"['B3816', '16']"
5,3,17,"['B5787', '11']"
25,3,15,"['B1755', '23']"
43,2,19,"['B8045', '8']"
64,3,13,"['B2067', '11']"
80,8,15,"['B7620', '18']"
103,1,18,"['B2695', '24']"
122,4,20,"['A103', '0']"
new task..............,hasoto,0
146,"['A103', '0']"
146,3,"['B5020', '31']"
149,7,22,"['B6161', '23']"
178,3,19,"['B6000', '7']"
200,3,13,"['B1052', '15']"
216,3,17,"['B6253', '13']"
236,2,16,"['B4607', '10']"
254,3,14,"['B4225', '21']"
271,2,19,"['A103', '0']"
new task..............,hasoto,0
292,"['A103', '0']"
292,12,"['B0271', '52']"
304,3,27,"['B3945', '12']"
334,4,15,"['B8686', '14']"
353,2,16,"['B0753', '57']"
371,13,28,"['A103', '0']"
new task..............,hasoto,0
412,"['A103', '0']"
412,8,"['B6701', '2']"
420,6,9,"['B7768', '3']"
435,4,10,"['B4018', '2']"
449,3,9,"['B3805', '4']"
461,6,11,"['B7042', '18']"
478,2,18,"['B3491', '37']"
498,2,23,"['B0401', '36']"
523,2,23,"['A103', '0']"
new task..............,hasoto,0
548,"['A103', '0']"
548,19,"['B4795', '13']"
567,2,16,"['B4736', '28']"
585,2,21,"['B6724', '7']"
608,4,13,"['B4005', '10']"
625,4,14,"['B0090', '41']"
643,2,24,"['B4827', '22']"
669,14,19,"['A103', '0']"
395,702
new crir
new task..............,hasoto,0
0,"['A104', '0']"
0,4,"['B4482', '64']"
4,1,29,"['B8196', '50']"
34,5,26,"['A104', '0']"
new task..............,hasoto,0
65,"['A104', '0']"
65,2,"['B5985', '55']"
67,2,27,"['A104', '0']"
new task..............,hasoto,0
96,"['A104', '0']"
96,4,"['B3775', '57']"
100,1,28,"['B2719', '53']"
129,3,27,"['A104', '0']"
new task..............,hasoto,1
159,"['A104', '0']"
159,5,"['B8167', '47']"
164,1,26,"['B4723', '52']"
191,1,27,"['B2400', '35']"
219,4,23,"['S459', '1', 233, 320, 'E1726']"
246,3,"['B3024', '-1', 323, 'E1726']"
249,3,8,"['S459', '1', 226, 313, 'E1731']"
260,3,"['B6187', '-1', 316, 'E1731']"
263,3,8,"['S459', '1', 272, 359, 'E1727']"
274,3,"['B3024', '-1', 362, 'E1727']"
277,3,8,"['S459', '3', 268, 356, 'E1728']"
288,2,"['B4482', '-3', 358, 'E1728']"
290,3,10,"['S442', '1', 264, 349, 'E1685']"
303,5,"['B4702', '-1', 354, 'E1685']"
308,11,8,"['S449', '1', 240, 327, 'E1699']"
327,3,"['B2731', '-1', 330, 'E1699']"
330,3,8,"['S449', '1', 270, 353, 'E1705']"
341,7,"['B8731', '-1', 360, 'E1705']"
348,12,8,"['S442', '1', 292, 382, 'E1690']"
368,0,"['B8167', '-1', 382, 'E1690']"
368,0,8,"['S443', '1', 311, 395, 'E1691']"
376,6,"['B2336', '-1', 401, 'E1691']"
382,6,8,"['S442', '2', 322, 405, 'E1684']"
396,7,"['B3024', '-2', 412, 'E1684']"
403,3,9,"['S458', '3', 355, 442, 'E1725']"
415,3,"['B6187', '-3', 445, 'E1725']"
418,5,10,"['S451', '1', 390, 479, 'E1709']"
433,1,"['B4950', '-1', 480, 'E1709']"
434,1,8,"['A104', '0']"
new task..............,hasoto,1
593,"['A104', '0']"
593,1,"['B3988', '43']"
594,2,25,"['S451', '1', 541, 630, 'E1708']"
621,1,"['B1855', '-1', 631, 'E1708']"
622,3,8,"['S459', '7', 576, 664, 'E1729']"
633,2,"['B5087', '-7', 666, 'E1729']"
635,5,13,"['B5841', '44']"
653,3,25,"['B0821', '38']"
681,0,23,"['A104', '0']"
396,1278
new crir
new task..............,hasoto,0
0,"['A104', '0']"
0,5,"['B0343', '44']"
5,1,25,"['B3081', '37']"
31,1,23,"['B8788', '38']"
55,6,23,"['A104', '0']"
new task..............,hasoto,0
84,"['A104', '0']"
84,4,"['B1151', '40']"
88,1,24,"['B2933', '54']"
113,1,27,"['B5227', '36']"
141,5,23,"['A104', '0']"
new task..............,hasoto,0
169,"['A104', '0']"
169,3,"['B8719', '34']"
172,1,22,"['B4309', '19']"
195,1,18,"['B6683', '27']"
214,1,21,"['B5558', '41']"
236,3,24,"['A104', '0']"
new task..............,hasoto,1
263,"['A104', '0']"
263,2,"['B1855', '60']"
265,3,28,"['S459', '2', 272, 314, 'E1730']"
296,48,"['B5722', '-2', 362, 'E1730']"
344,47,9,"['S442', '1', 331, 418, 'E1689']"
400,3,"['B5558', '-1', 421, 'E1689']"
403,5,8,"['B7329', '61']"
416,3,28,"['A104', '0']"
397,694
new crir
new task..............,hasoto,0
0,"['A104', '0']"
0,2,"['B5189', '38']"
2,1,23,"['B7688', '37']"
26,1,23,"['B3696', '47']"
50,3,26,"['A104', '0']"
new task..............,hasoto,0
79,"['A104', '0']"
79,4,"['B1391', '72']"
83,2,30,"['B5087', '38']"
115,3,23,"['A104', '0']"
new task..............,hasoto,0
141,"['A104', '0']"
141,2,"['B8288', '35']"
143,3,23,"['B4950', '75']"
169,1,31,"['A104', '0']"
new task..............,hasoto,1
201,"['A104', '0']"
201,2,"['B7264', '35']"
203,2,23,"['B5413', '31']"
228,1,22,"['B0380', '56']"
251,4,27,"['S449', '1', 277, 359, 'E1700']"
282,8,"['B3623', '-1', 367, 'E1700']"
290,8,8,"['S449', '1', 280, 326, 'E1702']"
306,44,"['B5722', '-1', 370, 'E1702']"
350,44,8,"['A104', '0']"
398,506
new crir
new task..............,hasoto,1
460,"['A104', '0']"
460,1,"['S449', 1, 461, 507, 'E1703']"
461,44,"['B5722', -1, 551, 'E1703']"
505,48,8,"['S460', 1, 493, 581, 'E1732']"
561,2,"['B7329', -1, 583, 'E1732']"
563,3,8,"['S449', 1, 507, 591, 'E1701']"
574,6,"['B4835', -1, 597, 'E1701']"
580,5,8,"['S442', 1, 545, 631, 'E1688']"
593,4,"['B5087', -1, 635, 'E1688']"
597,3,8,"['S449', 1, 546, 592, 'E1704']"
608,44,"['B5722', -1, 636, 'E1704']"
652,44,8,"['A104', '0']"
399,0
