new crir
new task..............,hasoto,0
0,"['A106', '0']"
0,66,"['B3149', '1']"
66,11,8,"['B6176', '3']"
85,20,10,"['B4141', '8']"
115,6,13,"['B2333', '10']"
134,9,14,"['B6267', '2']"
157,14,9,"['B1299', '19']"
180,7,18,"['B3947', '18']"
205,6,18,"['B4923', '24']"
229,2,20,"['B2285', '8']"
251,3,13,"['B1867', '10']"
267,16,14,"['B7838', '2']"
297,7,9,"['B1858', '3']"
313,46,10,"['A106', '0']"
new task..............,hasoto,0
369,"['A106', '0']"
369,28,"['B0258', '22']"
397,28,19,"['A106', '0']"
new task..............,hasoto,0
444,"['A106', '0']"
444,9,"['B5667', '63']"
453,5,29,"['B7701', '8']"
487,3,13,"['B2045', '4']"
503,2,11,"['B2510', '36']"
516,11,23,"['B2488', '16']"
550,10,17,"['B1705', '11']"
577,12,15,"['A106', '0']"
new task..............,hasoto,1
604,"['A107', '0']"
604,7,"['B1135', '40']"
611,3,24,"['S302', '1', 588, 673, 'E1128']"
638,5,"['B3916', '-1', 678, 'E1128']"
643,4,8,"['S283', '1', 574, 663, 'E1031']"
655,1,"['B3009', '-1', 664, 'E1031']"
656,3,8,"['B1637', '26']"
667,2,20,"['B7987', '39']"
689,7,24,"['A107', '0']"
408,1306
new crir
new task..............,hasoto,0
0,"['A107', '0']"
0,6,"['B4250', '46']"
6,1,25,"['B1118', '61']"
32,5,28,"['A107', '0']"
new task..............,hasoto,0
65,"['A107', '0']"
65,7,"['B2474', '50']"
72,2,26,"['B3626', '64']"
100,8,29,"['A107', '0']"
new task..............,hasoto,0
137,"['A107', '0']"
137,9,"['B8102', '38']"
146,2,23,"['B3009', '67']"
171,9,30,"['A107', '0']"
new task..............,hasoto,1
210,"['A107', '0']"
210,2,"['B2681', '29']"
212,1,21,"['B6552', '39']"
234,6,24,"['S298', '2', 235, 323, 'E1101']"
264,2,"['B7987', '-2', 325, 'E1101']"
266,3,9,"['S283', '3', 219, 308, 'E1028']"
278,1,"['B3009', '-3', 309, 'E1028']"
279,7,10,"['S293', '1', 220, 305, 'E1051']"
296,5,"['B0105', '-1', 310, 'E1051']"
301,12,8,"['S283', '7', 238, 327, 'E1032']"
321,1,"['B3626', '-7', 328, 'E1032']"
322,1,13,"['S283', '1', 267, 356, 'E1030']"
336,1,"['B3009', '-1', 357, 'E1030']"
337,6,8,"['S306', '1', 268, 356, 'E1134']"
351,2,"['B1799', '-1', 358, 'E1134']"
353,1,8,"['S298', '1', 296, 382, 'E1099']"
362,4,"['B3009', '-1', 386, 'E1099']"
366,4,8,"['S298', '1', 295, 384, 'E1098']"
378,1,"['B1799', '-1', 385, 'E1098']"
379,2,8,"['S313', '1', 302, 390, 'E1147']"
389,2,"['B2433', '-1', 392, 'E1147']"
391,8,8,"['S282', '1', 373, 463, 'E1026']"
407,0,"['B8828', '-1', 463, 'E1026']"
407,3,8,"['S283', '2', 369, 457, 'E1027']"
418,2,"['B1135', '-2', 459, 'E1027']"
420,7,9,"['A107', '0']"
new task..............,hasoto,1
634,"['A107', '0']"
634,7,"['B2607', '67']"
641,1,30,"['S293', '2', 596, 684, 'E1052']"
672,2,"['B4250', '-2', 686, 'E1052']"
674,2,9,"['B0186', '60']"
685,8,28,"['A107', '0']"
409,1343
new crir
new task..............,hasoto,0
0,"['A107', '0']"
0,8,"['B0002', '47']"
8,2,26,"['B5993', '25']"
36,2,20,"['B2038', '34']"
58,8,22,"['A107', '0']"
new task..............,hasoto,0
88,"['A107', '0']"
88,3,"['B4075', '51']"
91,2,26,"['B7870', '27']"
119,1,21,"['B1612', '34']"
141,4,22,"['A107', '0']"
new task..............,hasoto,1
167,"['A107', '0']"
167,8,"['B0711', '48']"
175,1,26,"['B3662', '81']"
202,9,32,"['S312', '3', 237, 280, 'E1146']"
243,47,"['B9095', '-3', 327, 'E1146']"
290,48,10,"['S298', '3', 269, 357, 'E1102']"
348,2,"['B7987', '-3', 359, 'E1102']"
350,7,10,"['A107', '0']"
new task..............,hasoto,1
516,"['A107', '0']"
516,2,"['B4693', '63']"
518,2,29,"['S306', '1', 525, 609, 'E1135']"
549,6,"['B3626', '-1', 615, 'E1135']"
555,8,8,"['B1655', '77']"
571,8,31,"['S284', '3', 602, 688, 'E1033']"
610,4,"['B2607', '-3', 692, 'E1033']"
614,7,10,"['A107', '0']"
410,1119
new crir
new task..............,hasoto,0
0,"['A107', '0']"
0,7,"['B4229', '39']"
7,1,24,"['B7678', '55']"
32,2,27,"['B7292', '34']"
61,5,22,"['A107', '0']"
new task..............,hasoto,0
88,"['A107', '0']"
88,7,"['B8651', '13']"
95,2,16,"['B3002', '8']"
113,4,13,"['B2841', '7']"
130,2,13,"['B5772', '22']"
145,2,19,"['B7405', '25']"
166,1,20,"['B0761', '43']"
187,4,25,"['A107', '0']"
new task..............,hasoto,1
216,"['A107', '0']"
216,7,"['B3321', '60']"
223,2,28,"['B6386', '56']"
253,5,27,"['S298', '1', 243, 329, 'E1100']"
285,4,"['B4693', '-1', 333, 'E1100']"
289,4,8,"['S298', '1', 247, 332, 'E1096']"
301,5,"['B1655', '-1', 337, 'E1096']"
306,1,8,"['A107', '0']"
new task..............,hasoto,0
515,"['A107', '0']"
515,3,"['B0516', '80']"
518,2,32,"['B3237', '59']"
552,2,28,"['A107', '0']"
new task..............,hasoto,0
582,"['A107', '0']"
582,5,"['B5957', '51']"
587,1,26,"['B1799', '48']"
614,5,26,"['A107', '0']"
new task..............,hasoto,0
645,"['A107', '0']"
645,7,"['B5685', '43']"
652,1,25,"['B7589', '48']"
678,8,26,"['A107', '0']"
411,712
new crir
new task..............,hasoto,0
0,"['A107', '0']"
0,2,"['B7316', '35']"
2,3,23,"['B3916', '67']"
28,2,30,"['B4245', '30']"
60,3,21,"['A107', '0']"
new task..............,hasoto,0
84,"['A107', '0']"
84,7,"['B5222', '46']"
91,2,25,"['B4323', '47']"
118,5,26,"['A107', '0']"
new task..............,hasoto,0
149,"['A107', '0']"
149,9,"['B5349', '66']"
158,1,29,"['B8828', '42']"
188,8,24,"['A107', '0']"
new task..............,hasoto,0
220,"['A107', '0']"
220,4,"['B2433', '70']"
224,1,30,"['B7203', '42']"
255,4,24,"['A107', '0']"
412,283
new crir
new task..............,hasoto,1
455,"['A107', '0']"
455,5,"['S306', 1, 460, 546, 'E1136']"
460,4,"['B0989', -1, 550, 'E1136']"
464,7,8,"['A107', '0']"
413,0
new crir
new task..............,hasoto,0
0,"['A106', '0']"
0,66,"['B3149', '1']"
66,11,8,"['B6176', '3']"
85,20,10,"['B4141', '8']"
115,6,13,"['B2333', '10']"
134,9,14,"['B6267', '2']"
157,14,9,"['B1299', '19']"
180,7,18,"['B3947', '18']"
205,6,18,"['B4923', '24']"
229,2,20,"['B2285', '8']"
251,3,13,"['B1867', '10']"
267,16,14,"['B7838', '2']"
297,7,9,"['B1858', '3']"
313,46,10,"['A106', '0']"
new task..............,hasoto,0
369,"['A106', '0']"
369,28,"['B0258', '22']"
397,28,19,"['A106', '0']"
new task..............,hasoto,0
444,"['A106', '0']"
444,9,"['B5667', '63']"
453,5,29,"['B7701', '8']"
487,3,13,"['B2045', '4']"
503,2,11,"['B2510', '36']"
516,11,23,"['B2488', '16']"
550,10,17,"['B1705', '11']"
577,12,15,"['A106', '0']"
new task..............,hasoto,1
604,"['A107', '0']"
604,7,"['B1135', '40']"
611,3,24,"['S302', '1', 588, 673, 'E1128']"
638,5,"['B3916', '-1', 678, 'E1128']"
643,4,8,"['S283', '1', 574, 663, 'E1031']"
655,1,"['B3009', '-1', 664, 'E1031']"
656,3,8,"['B1637', '26']"
667,2,20,"['B7987', '39']"
689,7,24,"['A107', '0']"
408,1306
new crir
new task..............,hasoto,0
0,"['A107', '0']"
0,6,"['B4250', '46']"
6,1,25,"['B1118', '61']"
32,5,28,"['A107', '0']"
new task..............,hasoto,0
65,"['A107', '0']"
65,7,"['B2474', '50']"
72,2,26,"['B3626', '64']"
100,8,29,"['A107', '0']"
new task..............,hasoto,0
137,"['A107', '0']"
137,9,"['B8102', '38']"
146,2,23,"['B3009', '67']"
171,9,30,"['A107', '0']"
new task..............,hasoto,1
210,"['A107', '0']"
210,2,"['B2681', '29']"
212,1,21,"['B6552', '39']"
234,6,24,"['S298', '2', 235, 323, 'E1101']"
264,2,"['B7987', '-2', 325, 'E1101']"
266,3,9,"['S283', '3', 219, 308, 'E1028']"
278,1,"['B3009', '-3', 309, 'E1028']"
279,7,10,"['S293', '1', 220, 305, 'E1051']"
296,5,"['B0105', '-1', 310, 'E1051']"
301,12,8,"['S283', '7', 238, 327, 'E1032']"
321,1,"['B3626', '-7', 328, 'E1032']"
322,1,13,"['S283', '1', 267, 356, 'E1030']"
336,1,"['B3009', '-1', 357, 'E1030']"
337,6,8,"['S306', '1', 268, 356, 'E1134']"
351,2,"['B1799', '-1', 358, 'E1134']"
353,1,8,"['S298', '1', 296, 382, 'E1099']"
362,4,"['B3009', '-1', 386, 'E1099']"
366,4,8,"['S298', '1', 295, 384, 'E1098']"
378,1,"['B1799', '-1', 385, 'E1098']"
379,2,8,"['S313', '1', 302, 390, 'E1147']"
389,2,"['B2433', '-1', 392, 'E1147']"
391,8,8,"['S282', '1', 373, 463, 'E1026']"
407,0,"['B8828', '-1', 463, 'E1026']"
407,3,8,"['S283', '2', 369, 457, 'E1027']"
418,2,"['B1135', '-2', 459, 'E1027']"
420,7,9,"['A107', '0']"
new task..............,hasoto,1
634,"['A107', '0']"
634,7,"['B2607', '67']"
641,1,30,"['S293', '2', 596, 684, 'E1052']"
672,2,"['B4250', '-2', 686, 'E1052']"
674,2,9,"['B0186', '60']"
685,8,28,"['A107', '0']"
409,1343
new crir
new task..............,hasoto,0
0,"['A107', '0']"
0,8,"['B0002', '47']"
8,2,26,"['B5993', '25']"
36,2,20,"['B2038', '34']"
58,8,22,"['A107', '0']"
new task..............,hasoto,0
88,"['A107', '0']"
88,3,"['B4075', '51']"
91,2,26,"['B7870', '27']"
119,1,21,"['B1612', '34']"
141,4,22,"['A107', '0']"
new task..............,hasoto,1
167,"['A107', '0']"
167,8,"['B0711', '48']"
175,1,26,"['B3662', '81']"
202,9,32,"['S312', '3', 237, 280, 'E1146']"
243,47,"['B9095', '-3', 327, 'E1146']"
290,48,10,"['S298', '3', 269, 357, 'E1102']"
348,2,"['B7987', '-3', 359, 'E1102']"
350,7,10,"['A107', '0']"
new task..............,hasoto,1
516,"['A107', '0']"
516,2,"['B4693', '63']"
518,2,29,"['S306', '1', 525, 609, 'E1135']"
549,6,"['B3626', '-1', 615, 'E1135']"
555,8,8,"['B1655', '77']"
571,8,31,"['S284', '3', 602, 688, 'E1033']"
610,4,"['B2607', '-3', 692, 'E1033']"
614,7,10,"['A107', '0']"
410,1119
new crir
new task..............,hasoto,0
0,"['A107', '0']"
0,7,"['B4229', '39']"
7,1,24,"['B7678', '55']"
32,2,27,"['B7292', '34']"
61,5,22,"['A107', '0']"
new task..............,hasoto,0
88,"['A107', '0']"
88,7,"['B8651', '13']"
95,2,16,"['B3002', '8']"
113,4,13,"['B2841', '7']"
130,2,13,"['B5772', '22']"
145,2,19,"['B7405', '25']"
166,1,20,"['B0761', '43']"
187,4,25,"['A107', '0']"
new task..............,hasoto,1
216,"['A107', '0']"
216,7,"['B3321', '60']"
223,2,28,"['B6386', '56']"
253,5,27,"['S298', '1', 243, 329, 'E1100']"
285,4,"['B4693', '-1', 333, 'E1100']"
289,4,8,"['S298', '1', 247, 332, 'E1096']"
301,5,"['B1655', '-1', 337, 'E1096']"
306,1,8,"['A107', '0']"
new task..............,hasoto,0
515,"['A107', '0']"
515,3,"['B0516', '80']"
518,2,32,"['B3237', '59']"
552,2,28,"['A107', '0']"
new task..............,hasoto,0
582,"['A107', '0']"
582,5,"['B5957', '51']"
587,1,26,"['B1799', '48']"
614,5,26,"['A107', '0']"
new task..............,hasoto,0
645,"['A107', '0']"
645,7,"['B5685', '43']"
652,1,25,"['B7589', '48']"
678,8,26,"['A107', '0']"
411,712
new crir
new task..............,hasoto,0
0,"['A107', '0']"
0,2,"['B7316', '35']"
2,3,23,"['B3916', '67']"
28,2,30,"['B4245', '30']"
60,3,21,"['A107', '0']"
new task..............,hasoto,0
84,"['A107', '0']"
84,7,"['B5222', '46']"
91,2,25,"['B4323', '47']"
118,5,26,"['A107', '0']"
new task..............,hasoto,0
149,"['A107', '0']"
149,9,"['B5349', '66']"
158,1,29,"['B8828', '42']"
188,8,24,"['A107', '0']"
new task..............,hasoto,0
220,"['A107', '0']"
220,4,"['B2433', '70']"
224,1,30,"['B7203', '42']"
255,4,24,"['A107', '0']"
412,283
new crir
new task..............,hasoto,1
455,"['A107', '0']"
455,5,"['S306', 1, 460, 546, 'E1136']"
460,4,"['B0989', -1, 550, 'E1136']"
464,7,8,"['A107', '0']"
413,0
