new crir
new task..............,hasoto,0
0,"['A110', '0']"
0,11,"['B5218', '13']"
11,2,16,"['B5642', '50']"
29,2,26,"['B0245', '16']"
57,1,17,"['B7086', '25']"
75,3,20,"['B6600', '12']"
98,2,15,"['B4375', '14']"
115,5,16,"['B2060', '7']"
136,1,13,"['A110', '0']"
new task..............,hasoto,0
150,"['A110', '0']"
150,14,"['B6388', '19']"
164,3,18,"['B1376', '31']"
185,1,22,"['B6312', '31']"
208,5,22,"['B1670', '8']"
235,4,13,"['B3394', '12']"
252,1,15,"['A110', '0']"
new task..............,hasoto,0
268,"['A110', '0']"
268,4,"['B4468', '37']"
272,3,23,"['B2918', '12']"
298,8,15,"['B8539', '29']"
321,10,21,"['A110', '0']"
new task..............,hasoto,0
352,"['A110', '0']"
352,11,"['B9128', '19']"
363,3,18,"['B4109', '24']"
384,1,20,"['B0482', '52']"
405,1,27,"['B2404', '24']"
433,7,20,"['A110', '0']"
new task..............,hasoto,0
460,"['A110', '0']"
460,16,"['B6082', '28']"
476,3,21,"['B3246', '14']"
500,2,16,"['B5721', '17']"
518,2,17,"['B9193', '5']"
537,3,12,"['B1925', '42']"
552,4,24,"['B1243', '20']"
580,5,18,"['B0031', '9']"
603,3,14,"['A110', '0']"
428,620
new crir
new task..............,hasoto,0
0,"['A111', '0']"
0,7,"['B8757', '29']"
7,1,21,"['B5272', '35']"
29,1,23,"['B2996', '16']"
53,1,17,"['B6117', '44']"
71,7,25,"['A111', '0']"
new task..............,hasoto,0
103,"['A111', '0']"
103,2,"['B3575', '41']"
105,2,24,"['B1101', '63']"
131,1,29,"['A111', '0']"
new task..............,hasoto,0
161,"['A111', '0']"
161,6,"['B2428', '44']"
167,2,25,"['B5063', '55']"
194,4,27,"['A111', '0']"
new task..............,hasoto,1
225,"['A111', '0']"
225,1,"['B1985', '48']"
226,5,26,"['S469', '2', 241, 330, 'E1825']"
257,1,"['B4412', '-2', 331, 'E1825']"
258,1,9,"['S469', '2', 230, 312, 'E1821']"
268,8,"['B3865', '-2', 320, 'E1821']"
276,7,9,"['S477', '2', 228, 313, 'E1864']"
292,5,"['B6184', '-2', 318, 'E1864']"
297,5,9,"['S477', '3', 238, 327, 'E1865']"
311,1,"['B6801', '-3', 328, 'E1865']"
312,1,10,"['S477', '7', 254, 342, 'E1867']"
323,2,"['B8915', '-7', 344, 'E1867']"
325,6,13,"['S471', '4', 262, 345, 'E1833']"
344,7,"['B6713', '-4', 352, 'E1833']"
351,6,11,"['S472', '1', 299, 386, 'E1836']"
368,3,"['B4313', '-1', 389, 'E1836']"
371,7,8,"['S487', '1', 301, 389, 'E1887']"
386,2,"['B6640', '-1', 391, 'E1887']"
388,5,8,"['S482', '3', 318, 402, 'E1876']"
401,6,"['B5063', '-3', 408, 'E1876']"
407,2,10,"['S469', '2', 346, 435, 'E1826']"
419,1,"['B4412', '-2', 436, 'E1826']"
420,1,9,"['S469', '1', 362, 448, 'E1822']"
430,4,"['B4248', '-1', 452, 'E1822']"
434,3,8,"['S472', '3', 384, 473, 'E1837']"
445,1,"['B6799', '-3', 474, 'E1837']"
446,4,10,"['S476', '3', 385, 473, 'E1861']"
460,2,"['B8915', '-3', 475, 'E1861']"
462,3,10,"['S484', '1', 454, 531, 'E1880']"
475,13,"['B0430', '-1', 544, 'E1880']"
488,3,8,"['S465', '3', 483, 570, 'E1803']"
499,3,"['B0430', '-3', 573, 'E1803']"
502,8,10,"['A111', '0']"
429,729
new crir
new task..............,hasoto,0
0,"['A111', '0']"
0,5,"['B7607', '16']"
5,1,17,"['B0641', '18']"
23,1,18,"['B7154', '33']"
42,2,22,"['B6836', '33']"
66,1,22,"['B3439', '29']"
89,6,21,"['A111', '0']"
new task..............,hasoto,0
116,"['A111', '0']"
116,4,"['B8397', '31']"
120,1,22,"['B3572', '44']"
143,6,25,"['B8499', '4']"
174,3,11,"['B6184', '18']"
188,2,18,"['B2218', '30']"
208,5,21,"['A111', '0']"
new task..............,hasoto,1
234,"['A111', '0']"
234,3,"['B0014', '27']"
237,8,21,"['S469', '4', 244, 327, 'E1828']"
266,7,"['B7742', '-4', 334, 'E1828']"
273,7,11,"['S469', '2', 284, 367, 'E1823']"
291,7,"['B4403', '-2', 374, 'E1823']"
298,7,9,"['S469', '2', 272, 356, 'E1827']"
314,6,"['B7500', '-2', 362, 'E1827']"
320,8,9,"['B5510', '43']"
337,0,25,"['S477', '5', 279, 364, 'E1866']"
362,5,"['B8487', '-5', 369, 'E1866']"
367,6,12,"['S471', '5', 314, 401, 'E1834']"
385,3,"['B0804', '-5', 404, 'E1834']"
388,5,12,"['S477', '5', 332, 417, 'E1862']"
405,5,"['B4313', '-5', 422, 'E1862']"
410,5,12,"['B2537', '17']"
427,1,17,"['B8915', '26']"
445,3,20,"['A111', '0']"
430,682
new crir
new task..............,hasoto,0
0,"['A111', '0']"
0,4,"['B4030', '36']"
4,3,23,"['B4205', '43']"
30,1,25,"['B0316', '42']"
56,2,24,"['B5135', '15']"
82,3,17,"['A111', '0']"
new task..............,hasoto,0
102,"['A111', '0']"
102,9,"['B1968', '22']"
111,5,19,"['B5486', '34']"
135,3,22,"['B0399', '14']"
160,2,16,"['B2481', '19']"
178,4,18,"['B4195', '24']"
200,2,20,"['B2691', '25']"
222,9,20,"['A111', '0']"
new task..............,hasoto,0
251,"['A111', '0']"
251,5,"['B4248', '87']"
256,2,33,"['B5795', '48']"
291,6,26,"['A111', '0']"
new task..............,hasoto,0
323,"['A111', '0']"
323,8,"['B6296', '51']"
331,1,26,"['B1223', '37']"
358,2,23,"['B4803', '26']"
383,10,20,"['A111', '0']"
new task..............,hasoto,0
413,"['A111', '0']"
413,2,"['B8377', '18']"
415,1,18,"['B1586', '39']"
434,2,24,"['B6523', '22']"
460,1,19,"['B4176', '36']"
480,1,23,"['A111', '0']"
new task..............,hasoto,1
504,"['A111', '0']"
504,6,"['B8522', '20']"
510,1,18,"['B7379', '26']"
529,1,20,"['B5200', '28']"
550,2,21,"['B6713', '30']"
573,3,21,"['S465', '2', 521, 607, 'E1804']"
597,4,"['B5032', '-2', 611, 'E1804']"
601,4,9,"['S472', '2', 577, 664, 'E1835']"
614,3,"['B1985', '-2', 667, 'E1835']"
617,2,9,"['S477', '7', 584, 671, 'E1863']"
628,3,"['B5135', '-7', 674, 'E1863']"
631,3,13,"['S484', '1', 593, 681, 'E1881']"
647,2,"['B6296', '-1', 683, 'E1881']"
649,1,8,"['S489', '2', 585, 671, 'E1890']"
658,4,"['B8514', '-2', 675, 'E1890']"
662,11,9,"['A111', '0']"
431,1178
new crir
new task..............,hasoto,0
0,"['A110', '0']"
0,11,"['B5218', '13']"
11,2,16,"['B5642', '50']"
29,2,26,"['B0245', '16']"
57,1,17,"['B7086', '25']"
75,3,20,"['B6600', '12']"
98,2,15,"['B4375', '14']"
115,5,16,"['B2060', '7']"
136,1,13,"['A110', '0']"
new task..............,hasoto,0
150,"['A110', '0']"
150,14,"['B6388', '19']"
164,3,18,"['B1376', '31']"
185,1,22,"['B6312', '31']"
208,5,22,"['B1670', '8']"
235,4,13,"['B3394', '12']"
252,1,15,"['A110', '0']"
new task..............,hasoto,0
268,"['A110', '0']"
268,4,"['B4468', '37']"
272,3,23,"['B2918', '12']"
298,8,15,"['B8539', '29']"
321,10,21,"['A110', '0']"
new task..............,hasoto,0
352,"['A110', '0']"
352,11,"['B9128', '19']"
363,3,18,"['B4109', '24']"
384,1,20,"['B0482', '52']"
405,1,27,"['B2404', '24']"
433,7,20,"['A110', '0']"
new task..............,hasoto,0
460,"['A110', '0']"
460,16,"['B6082', '28']"
476,3,21,"['B3246', '14']"
500,2,16,"['B5721', '17']"
518,2,17,"['B9193', '5']"
537,3,12,"['B1925', '42']"
552,4,24,"['B1243', '20']"
580,5,18,"['B0031', '9']"
603,3,14,"['A110', '0']"
428,620
new crir
new task..............,hasoto,0
0,"['A111', '0']"
0,7,"['B8757', '29']"
7,1,21,"['B5272', '35']"
29,1,23,"['B2996', '16']"
53,1,17,"['B6117', '44']"
71,7,25,"['A111', '0']"
new task..............,hasoto,0
103,"['A111', '0']"
103,2,"['B3575', '41']"
105,2,24,"['B1101', '63']"
131,1,29,"['A111', '0']"
new task..............,hasoto,0
161,"['A111', '0']"
161,6,"['B2428', '44']"
167,2,25,"['B5063', '55']"
194,4,27,"['A111', '0']"
new task..............,hasoto,1
225,"['A111', '0']"
225,1,"['B1985', '48']"
226,5,26,"['S469', '2', 241, 330, 'E1825']"
257,1,"['B4412', '-2', 331, 'E1825']"
258,1,9,"['S469', '2', 230, 312, 'E1821']"
268,8,"['B3865', '-2', 320, 'E1821']"
276,7,9,"['S477', '2', 228, 313, 'E1864']"
292,5,"['B6184', '-2', 318, 'E1864']"
297,5,9,"['S477', '3', 238, 327, 'E1865']"
311,1,"['B6801', '-3', 328, 'E1865']"
312,1,10,"['S477', '7', 254, 342, 'E1867']"
323,2,"['B8915', '-7', 344, 'E1867']"
325,6,13,"['S471', '4', 262, 345, 'E1833']"
344,7,"['B6713', '-4', 352, 'E1833']"
351,6,11,"['S472', '1', 299, 386, 'E1836']"
368,3,"['B4313', '-1', 389, 'E1836']"
371,7,8,"['S487', '1', 301, 389, 'E1887']"
386,2,"['B6640', '-1', 391, 'E1887']"
388,5,8,"['S482', '3', 318, 402, 'E1876']"
401,6,"['B5063', '-3', 408, 'E1876']"
407,2,10,"['S469', '2', 346, 435, 'E1826']"
419,1,"['B4412', '-2', 436, 'E1826']"
420,1,9,"['S469', '1', 362, 448, 'E1822']"
430,4,"['B4248', '-1', 452, 'E1822']"
434,3,8,"['S472', '3', 384, 473, 'E1837']"
445,1,"['B6799', '-3', 474, 'E1837']"
446,4,10,"['S476', '3', 385, 473, 'E1861']"
460,2,"['B8915', '-3', 475, 'E1861']"
462,3,10,"['S484', '1', 454, 531, 'E1880']"
475,13,"['B0430', '-1', 544, 'E1880']"
488,3,8,"['S465', '3', 483, 570, 'E1803']"
499,3,"['B0430', '-3', 573, 'E1803']"
502,8,10,"['A111', '0']"
429,729
new crir
new task..............,hasoto,0
0,"['A111', '0']"
0,5,"['B7607', '16']"
5,1,17,"['B0641', '18']"
23,1,18,"['B7154', '33']"
42,2,22,"['B6836', '33']"
66,1,22,"['B3439', '29']"
89,6,21,"['A111', '0']"
new task..............,hasoto,0
116,"['A111', '0']"
116,4,"['B8397', '31']"
120,1,22,"['B3572', '44']"
143,6,25,"['B8499', '4']"
174,3,11,"['B6184', '18']"
188,2,18,"['B2218', '30']"
208,5,21,"['A111', '0']"
new task..............,hasoto,1
234,"['A111', '0']"
234,3,"['B0014', '27']"
237,8,21,"['S469', '4', 244, 327, 'E1828']"
266,7,"['B7742', '-4', 334, 'E1828']"
273,7,11,"['S469', '2', 284, 367, 'E1823']"
291,7,"['B4403', '-2', 374, 'E1823']"
298,7,9,"['S469', '2', 272, 356, 'E1827']"
314,6,"['B7500', '-2', 362, 'E1827']"
320,8,9,"['B5510', '43']"
337,0,25,"['S477', '5', 279, 364, 'E1866']"
362,5,"['B8487', '-5', 369, 'E1866']"
367,6,12,"['S471', '5', 314, 401, 'E1834']"
385,3,"['B0804', '-5', 404, 'E1834']"
388,5,12,"['S477', '5', 332, 417, 'E1862']"
405,5,"['B4313', '-5', 422, 'E1862']"
410,5,12,"['B2537', '17']"
427,1,17,"['B8915', '26']"
445,3,20,"['A111', '0']"
430,682
new crir
new task..............,hasoto,0
0,"['A111', '0']"
0,4,"['B4030', '36']"
4,3,23,"['B4205', '43']"
30,1,25,"['B0316', '42']"
56,2,24,"['B5135', '15']"
82,3,17,"['A111', '0']"
new task..............,hasoto,0
102,"['A111', '0']"
102,9,"['B1968', '22']"
111,5,19,"['B5486', '34']"
135,3,22,"['B0399', '14']"
160,2,16,"['B2481', '19']"
178,4,18,"['B4195', '24']"
200,2,20,"['B2691', '25']"
222,9,20,"['A111', '0']"
new task..............,hasoto,0
251,"['A111', '0']"
251,5,"['B4248', '87']"
256,2,33,"['B5795', '48']"
291,6,26,"['A111', '0']"
new task..............,hasoto,0
323,"['A111', '0']"
323,8,"['B6296', '51']"
331,1,26,"['B1223', '37']"
358,2,23,"['B4803', '26']"
383,10,20,"['A111', '0']"
new task..............,hasoto,0
413,"['A111', '0']"
413,2,"['B8377', '18']"
415,1,18,"['B1586', '39']"
434,2,24,"['B6523', '22']"
460,1,19,"['B4176', '36']"
480,1,23,"['A111', '0']"
new task..............,hasoto,1
504,"['A111', '0']"
504,6,"['B8522', '20']"
510,1,18,"['B7379', '26']"
529,1,20,"['B5200', '28']"
550,2,21,"['B6713', '30']"
573,3,21,"['S465', '2', 521, 607, 'E1804']"
597,4,"['B5032', '-2', 611, 'E1804']"
601,4,9,"['S472', '2', 577, 664, 'E1835']"
614,3,"['B1985', '-2', 667, 'E1835']"
617,2,9,"['S477', '7', 584, 671, 'E1863']"
628,3,"['B5135', '-7', 674, 'E1863']"
631,3,13,"['S484', '1', 593, 681, 'E1881']"
647,2,"['B6296', '-1', 683, 'E1881']"
649,1,8,"['S489', '2', 585, 671, 'E1890']"
658,4,"['B8514', '-2', 675, 'E1890']"
662,11,9,"['A111', '0']"
431,1178
