new crir
new task..............,hasoto,0
0,"['A115', '0']"
0,3,"['B7862', '47']"
3,2,26,"['B8020', '50']"
31,5,26,"['A115', '0']"
new task..............,hasoto,0
62,"['A115', '0']"
62,7,"['B1297', '45']"
69,3,25,"['B6157', '54']"
97,2,27,"['B7741', '13']"
126,2,16,"['A115', '0']"
new task..............,hasoto,0
144,"['A115', '0']"
144,3,"['B2079', '11']"
147,3,15,"['B6137', '53']"
165,2,27,"['B1479', '47']"
194,1,26,"['B4054', '17']"
221,1,17,"['A115', '0']"
new task..............,hasoto,1
239,"['A115', '0']"
239,1,"['B6001', '44']"
240,1,25,"['B1140', '22']"
266,1,19,"['B7786', '15']"
286,1,17,"['B4973', '33']"
304,1,22,"['S327', '3', 250, 338, 'E1180']"
327,2,"['B4054', '-3', 340, 'E1180']"
329,1,10,"['S337', '1', 293, 376, 'E1203']"
340,7,"['B6251', '-1', 383, 'E1203']"
347,7,8,"['S325', '1', 352, 441, 'E1174']"
362,1,"['B8464', '-1', 442, 'E1174']"
363,0,8,"['B8464', '22']"
371,2,19,"['A115', '0']"
new task..............,hasoto,1
622,"['A115', '0']"
622,4,"['B3885', '38']"
626,3,23,"['S337', '3', 628, 714, 'E1205']"
652,4,"['B8020', '-3', 718, 'E1205']"
656,1,10,"['B4978', '49']"
667,2,26,"['B0595', '44']"
695,4,25,"['A115', '0']"
437,1330
new crir
new task..............,hasoto,1
250,"['A115', '0']"
250,1,"['S327', 2, 251, 338, 'E1181']"
251,3,"['B6137', -2, 341, 'E1181']"
254,3,9,"['S337', 2, 544, 630, 'E1204']"
266,4,"['B8020', -2, 634, 'E1204']"
270,5,9,"['A115', '0']"
438,0
new crir
new task..............,hasoto,0
0,"['A115', '0']"
0,3,"['B7862', '47']"
3,2,26,"['B8020', '50']"
31,5,26,"['A115', '0']"
new task..............,hasoto,0
62,"['A115', '0']"
62,7,"['B1297', '45']"
69,3,25,"['B6157', '54']"
97,2,27,"['B7741', '13']"
126,2,16,"['A115', '0']"
new task..............,hasoto,0
144,"['A115', '0']"
144,3,"['B2079', '11']"
147,3,15,"['B6137', '53']"
165,2,27,"['B1479', '47']"
194,1,26,"['B4054', '17']"
221,1,17,"['A115', '0']"
new task..............,hasoto,1
239,"['A115', '0']"
239,1,"['B6001', '44']"
240,1,25,"['B1140', '22']"
266,1,19,"['B7786', '15']"
286,1,17,"['B4973', '33']"
304,1,22,"['S327', '3', 250, 338, 'E1180']"
327,2,"['B4054', '-3', 340, 'E1180']"
329,1,10,"['S337', '1', 293, 376, 'E1203']"
340,7,"['B6251', '-1', 383, 'E1203']"
347,7,8,"['S325', '1', 352, 441, 'E1174']"
362,1,"['B8464', '-1', 442, 'E1174']"
363,0,8,"['B8464', '22']"
371,2,19,"['A115', '0']"
new task..............,hasoto,1
622,"['A115', '0']"
622,4,"['B3885', '38']"
626,3,23,"['S337', '3', 628, 714, 'E1205']"
652,4,"['B8020', '-3', 718, 'E1205']"
656,1,10,"['B4978', '49']"
667,2,26,"['B0595', '44']"
695,4,25,"['A115', '0']"
437,1330
new crir
new task..............,hasoto,1
250,"['A115', '0']"
250,1,"['S327', 2, 251, 338, 'E1181']"
251,3,"['B6137', -2, 341, 'E1181']"
254,3,9,"['S337', 2, 544, 630, 'E1204']"
266,4,"['B8020', -2, 634, 'E1204']"
270,5,9,"['A115', '0']"
438,0
