new crir
new task..............,hasoto,0
0,"['A122', '0']"
0,3,"['B1994', '30']"
3,1,21,"['B7803', '59']"
25,2,28,"['A122', '0']"
new task..............,hasoto,0
55,"['A122', '0']"
55,4,"['B1810', '26']"
59,2,20,"['B6150', '41']"
81,1,24,"['B2764', '41']"
106,4,24,"['A122', '0']"
new task..............,hasoto,0
134,"['A122', '0']"
134,1,"['B2507', '35']"
135,1,23,"['B5638', '28']"
159,1,21,"['B8930', '61']"
181,2,28,"['A122', '0']"
new task..............,hasoto,1
211,"['A122', '0']"
211,6,"['B6033', '34']"
217,1,22,"['B2476', '13']"
240,1,16,"['B8256', '53']"
257,7,27,"['S358', '9', 238, 326, 'E1261']"
291,2,"['B2446', '-9', 328, 'E1261']"
293,2,14,"['S370', '4', 222, 311, 'E1329']"
309,1,"['B8930', '-4', 312, 'E1329']"
310,1,11,"['S370', '3', 242, 325, 'E1326']"
322,7,"['B0338', '-3', 332, 'E1326']"
329,10,10,"['S349', '1', 324, 411, 'E1244']"
349,3,"['B8121', '-1', 414, 'E1244']"
352,3,8,"['S349', '3', 288, 375, 'E1243']"
363,3,"['B8121', '-3', 378, 'E1243']"
366,3,10,"['S349', '1', 293, 379, 'E1242']"
379,4,"['B7803', '-1', 383, 'E1242']"
383,3,8,"['S358', '7', 325, 413, 'E1262']"
394,2,"['B2446', '-7', 415, 'E1262']"
396,2,13,"['S370', '4', 395, 482, 'E1328']"
411,3,"['B8761', '-4', 485, 'E1328']"
414,6,11,"['S365', '3', 430, 519, 'E1285']"
431,1,"['B8256', '-3', 520, 'E1285']"
432,1,10,"['B4033', '29']"
443,1,21,"['S365', '3', 434, 522, 'E1284']"
465,2,"['B6456', '-3', 524, 'E1284']"
467,2,10,"['S365', '6', 479, 568, 'E1283']"
479,1,"['B4033', '-6', 569, 'E1283']"
480,9,12,"['S349', '3', 416, 504, 'E1240']"
501,2,"['B1627', '-3', 506, 'E1240']"
503,5,10,"['S359', '2', 505, 592, 'E1265']"
518,3,"['B7803', '-2', 595, 'E1265']"
521,3,9,"['S358', '4', 527, 616, 'E1264']"
533,1,"['B3449', '-4', 617, 'E1264']"
534,1,11,"['S358', '9', 524, 613, 'E1263']"
546,1,"['B3449', '-9', 614, 'E1263']"
547,1,14,"['A122', '0']"
495,760
new crir
new task..............,hasoto,0
0,"['A122', '0']"
0,1,"['B7940', '45']"
1,1,25,"['B5046', '38']"
27,1,23,"['B3449', '45']"
51,1,25,"['A122', '0']"
new task..............,hasoto,0
77,"['A122', '0']"
77,1,"['B2819', '34']"
78,1,22,"['B1318', '58']"
101,1,28,"['B0547', '44']"
130,2,25,"['A122', '0']"
new task..............,hasoto,0
157,"['A122', '0']"
157,3,"['B2446', '52']"
160,1,27,"['B3736', '73']"
188,4,31,"['A122', '0']"
new task..............,hasoto,1
223,"['A122', '0']"
223,4,"['B3437', '66']"
227,2,29,"['B7032', '26']"
258,4,20,"['B5952', '48']"
282,5,26,"['S363', '1', 307, 369, 'E1275']"
313,28,"['B1101', '-1', 397, 'E1275']"
341,28,8,"['A122', '0']"
new task..............,hasoto,0
537,"['A122', '0']"
537,5,"['B9008', '35']"
542,5,23,"['A122', '0']"
new task..............,hasoto,1
570,"['A122', '0']"
570,3,"['B8003', '45']"
573,4,25,"['S349', '1', 587, 676, 'E1241']"
602,1,"['B3858', '-1', 677, 'E1241']"
603,1,8,"['B8484', '38']"
612,1,23,"['B6702', '43']"
636,3,25,"['A122', '0']"
496,1224
new crir
new task..............,hasoto,0
0,"['A122', '0']"
0,3,"['B1994', '30']"
3,1,21,"['B7803', '59']"
25,2,28,"['A122', '0']"
new task..............,hasoto,0
55,"['A122', '0']"
55,4,"['B1810', '26']"
59,2,20,"['B6150', '41']"
81,1,24,"['B2764', '41']"
106,4,24,"['A122', '0']"
new task..............,hasoto,0
134,"['A122', '0']"
134,1,"['B2507', '35']"
135,1,23,"['B5638', '28']"
159,1,21,"['B8930', '61']"
181,2,28,"['A122', '0']"
new task..............,hasoto,1
211,"['A122', '0']"
211,6,"['B6033', '34']"
217,1,22,"['B2476', '13']"
240,1,16,"['B8256', '53']"
257,7,27,"['S358', '9', 238, 326, 'E1261']"
291,2,"['B2446', '-9', 328, 'E1261']"
293,2,14,"['S370', '4', 222, 311, 'E1329']"
309,1,"['B8930', '-4', 312, 'E1329']"
310,1,11,"['S370', '3', 242, 325, 'E1326']"
322,7,"['B0338', '-3', 332, 'E1326']"
329,10,10,"['S349', '1', 324, 411, 'E1244']"
349,3,"['B8121', '-1', 414, 'E1244']"
352,3,8,"['S349', '3', 288, 375, 'E1243']"
363,3,"['B8121', '-3', 378, 'E1243']"
366,3,10,"['S349', '1', 293, 379, 'E1242']"
379,4,"['B7803', '-1', 383, 'E1242']"
383,3,8,"['S358', '7', 325, 413, 'E1262']"
394,2,"['B2446', '-7', 415, 'E1262']"
396,2,13,"['S370', '4', 395, 482, 'E1328']"
411,3,"['B8761', '-4', 485, 'E1328']"
414,6,11,"['S365', '3', 430, 519, 'E1285']"
431,1,"['B8256', '-3', 520, 'E1285']"
432,1,10,"['B4033', '29']"
443,1,21,"['S365', '3', 434, 522, 'E1284']"
465,2,"['B6456', '-3', 524, 'E1284']"
467,2,10,"['S365', '6', 479, 568, 'E1283']"
479,1,"['B4033', '-6', 569, 'E1283']"
480,9,12,"['S349', '3', 416, 504, 'E1240']"
501,2,"['B1627', '-3', 506, 'E1240']"
503,5,10,"['S359', '2', 505, 592, 'E1265']"
518,3,"['B7803', '-2', 595, 'E1265']"
521,3,9,"['S358', '4', 527, 616, 'E1264']"
533,1,"['B3449', '-4', 617, 'E1264']"
534,1,11,"['S358', '9', 524, 613, 'E1263']"
546,1,"['B3449', '-9', 614, 'E1263']"
547,1,14,"['A122', '0']"
495,760
new crir
new task..............,hasoto,0
0,"['A122', '0']"
0,1,"['B7940', '45']"
1,1,25,"['B5046', '38']"
27,1,23,"['B3449', '45']"
51,1,25,"['A122', '0']"
new task..............,hasoto,0
77,"['A122', '0']"
77,1,"['B2819', '34']"
78,1,22,"['B1318', '58']"
101,1,28,"['B0547', '44']"
130,2,25,"['A122', '0']"
new task..............,hasoto,0
157,"['A122', '0']"
157,3,"['B2446', '52']"
160,1,27,"['B3736', '73']"
188,4,31,"['A122', '0']"
new task..............,hasoto,1
223,"['A122', '0']"
223,4,"['B3437', '66']"
227,2,29,"['B7032', '26']"
258,4,20,"['B5952', '48']"
282,5,26,"['S363', '1', 307, 369, 'E1275']"
313,28,"['B1101', '-1', 397, 'E1275']"
341,28,8,"['A122', '0']"
new task..............,hasoto,0
537,"['A122', '0']"
537,5,"['B9008', '35']"
542,5,23,"['A122', '0']"
new task..............,hasoto,1
570,"['A122', '0']"
570,3,"['B8003', '45']"
573,4,25,"['S349', '1', 587, 676, 'E1241']"
602,1,"['B3858', '-1', 677, 'E1241']"
603,1,8,"['B8484', '38']"
612,1,23,"['B6702', '43']"
636,3,25,"['A122', '0']"
496,1224
